Eigvals	3
271.47200003664767	243.1359057297037	199.34496700489655

Proportion explained	3
0.4271041429791043	0.34259569182235955	0.2303001651985361

Species	92	3
bac22	34.83147924698227	-3.1759630829307426	-24.48504096360247
bac63	-18.542933846354583	2.1993621829537204	43.011411602939845
bac84	18.24070036505998	6.6243147311838735	7.764136957164876
bac85	38.972356766936656	-16.311042946296972	-32.14729827444851
bac86	8.173333044148876	21.323218187962347	-0.37852137005147574
bac87	4.75955204338888	-15.11427455095229	5.297307337525275
bac90	23.972002368664484	44.22161336811295	20.372528972755603
bac106	7.484663569286199	-8.443851170545674	5.040258546552069
bac107	-28.95648018709341	15.714231639593958	-4.9908705399310245
bac110	18.88787938278121	43.75891902567383	15.189727635315995
bac144	-1.2539217608276998	59.176912288879954	-40.404370971344505
bac161	16.77505815154945	7.396735447685552	-49.44465027223161
bac165	-24.676302708109905	19.508789920643245	-18.52148969152016
bac180	25.22595698468165	9.304387389005534	7.255782762697139
bac181	-15.82931701500044	35.3436185180823	-7.049529709465677
bac185	16.53494345393515	34.66490946532	-12.50294951446549
bac187	-13.258156235944808	-21.682108700933746	-21.58084820739071
bac193	-5.668804027900016	-36.45160264060707	-16.1411623746785
bac194	6.353223822806661	-2.8530155091868457	-11.477024526241038
bac195	-11.811570063890517	16.21720508080013	-31.14935633913632
bac197	23.809655661582735	-12.9662985652234	27.708813479116685
bac198	-5.420964551939944	-36.50291828137316	-14.515870781266715
bac201	3.7584500823696914	-35.8686118343603	16.943391223560408
bac202	24.207833285598934	-4.735542520645675	-7.290287710722842
bac203	-29.53895960170133	-4.67838193552214	47.28824592943546
bac211	-18.146063838867725	26.48342387388431	-4.94109684345408
bac212	59.97428301528108	11.645727472001404	-32.97114115872902
bac214	3.0931938141683526	28.829045964347017	6.28971047429721
bac215	-22.96773907633878	48.21401264587717	6.336152635603287
bac220	20.979074608953326	-31.70867547835473	-3.284512105674944
bac221	10.946482064282174	1.123253542317146	40.83293872282503
bac223	25.182492266331963	-8.20293714695941	1.5608354004165248
bac224	20.902763676521403	-3.5289061952864422	10.056648871970763
bac228	-26.510812796830255	9.233510003028904	-0.6489404780467142
bac231	7.24942467018585	13.124365774320683	-5.988989749186818
bac232	-36.35826776467963	-6.014161080990201	-4.874866354779731
bac234	13.320852520629126	-6.372872270672825	-2.950911009767631
bac240	29.94311119724907	2.2106705324558726	-2.8462283852181245
bac242	-38.885236752451505	7.156378826535025	-2.4968596292051144
bac243	-40.059588586927276	-26.292130422622034	9.14662948717085
bac244	54.596067391031596	1.3055769310964784	22.197581694060933
bac249	-2.5169546075782305	-12.757186989512498	-1.947808084515594
bac251	-25.34241417815436	56.74657590021459	33.303493249434496
bac253	51.1587841415469	-22.973287011499963	47.807167296653816
bac254	-17.089219155180114	-46.203964960062116	-7.365410848919804
bac255	-19.548151752943895	2.9907714880478076	0.7901928944963131
bac257	-47.14417246870594	-4.911807865161264	-28.034331003968557
bac261	-1.5754712443430177	-24.98316877694515	-12.533137378424431
bac263	-20.748615354799952	25.891590696309926	7.297243133146366
bac264	-23.897743588956843	56.29576882009036	30.206510158646424
bac265	2.4638034537644655	2.259174192269827	39.34696495675984
bac266	75.2258387289283	28.12091766338041	-6.368021617091198
bac268	-16.61460346933042	-7.388164580056613	-28.276835480628343
bac270	7.105778019063405	7.5271040575947765	7.308326005729768
bac271	34.961813490026934	-39.67283027493456	7.860337293178025
bac272	-14.871951907329416	-11.487718781873326	25.45899479601201
bac273	-7.414639076156674	-15.087585907346035	8.620291620232344
bac274	-25.966996364927134	-35.473297599966926	-27.00967262487783
bac277	26.371260781980308	-0.26765379761733576	30.8218063818991
bac278	11.293172231275276	2.9551779068718727	-6.318718148851885
bac279	40.16258463630447	-41.92078360730767	-3.1704527495562465
bac280	-19.038709881033956	12.262748754959073	-6.205392334265827
bac284	27.70488004824053	26.91037515913442	-29.869131644484106
bac286	-18.576379490115933	-1.954954107037387	-16.950899444129515
bac288	37.33501959322639	10.020417920063972	41.87940820860374
bac289	-26.940918797077895	16.665309141602158	-18.55496588309417
bac292	-49.236149227044386	-8.04073308458619	25.812746281966884
bac293	-20.225467452600313	-14.31536379950563	-0.7166978360344356
bac295	13.006492117340652	-27.81640432197326	-4.125731676183991
bac296	-10.351239711998884	-48.51079123422351	7.804614523795704
bac297	-52.62979001336865	-20.267598817633267	30.868736760969217
bac298	-32.201631402545544	5.562013641029116	-48.806363801821
bac300	20.12156252856361	-21.388420166087155	-0.6063871005340896
bac302	-44.13102399877397	28.997222706301457	-6.563990099904526
bac304	-4.6507746364739075	9.658227623914724	-14.581203424540023
bac305	9.392854921872235	-7.982787734279843	0.017909548839509327
bac306	-35.894927405267815	-21.2424181516751	-2.754347129269158
bac313	-5.685790876138006	17.64197337895892	-15.33601734336809
bac315	-26.92512897665996	14.858491110435871	13.281201941159493
bac319	23.044819956300675	10.926794586127459	-10.042481127338519
bac322	4.175839826077537	-43.34493579645007	-4.651825738457623
bac323	48.64617389891303	21.511253098182546	-8.213467546681981
bac325	4.049761680083783	11.241396630952435	17.984614625571893
bac327	0.9890335317903004	-41.033626050892906	24.015564379781306
bac406	-61.610975093525106	-21.316909892883857	2.863080309766219
bac407	40.78602719101148	-20.560285751849182	-11.50648258137223
bac422	32.72296689290116	-18.939337318843936	-22.057846012214053
bac424	31.228143134105085	38.70373259335979	-9.770691502146843
bac482	7.373311027266467	-40.522944567337696	20.074253429189582
bac487	-48.39449872384947	32.08304277597262	17.491907254151695
bac520	3.365796610871054	35.45803247043127	1.5992912831181907
bac522	-53.75109422612298	-38.80003984696077	-29.385630943276706

Site	641	3
10	0.0013080328438759832	0.0034349981924244296	0.0012365229243474873
25	0.058233654114367005	-0.007496993297523675	-0.015343166174224475
34	0.019434064714850346	0.037210243263549145	0.017633493238639497
70	-0.02769898074080588	-0.053989769248276434	-0.05407464693712027
121	0.03403623056464778	0.0382734274212035	0.014614150497530483
193	-0.06615802740555125	0.038186953666301295	0.05337659915523969
241	0.0019779780176648588	0.008442838947283905	0.0798650306406313
254	-0.008838003976680544	-0.049262896649311605	0.001239067663435575
261	-0.03805298405879675	-0.01873766632073125	-0.011596709342795306
370	0.03676364119980331	0.06088743286596936	-0.041284992893602414
395	-0.013731226187064894	0.027257427253443402	-0.042432253669272654
408	-0.03905567472218167	0.0424435376836585	-0.043180159539842666
436	-0.0234020617771128	0.009686418191475917	-0.03215981740153209
521	0.008959774546945843	0.007355709685509742	0.027022255001713128
555	0.024868247973358158	-0.07345320191225904	0.04527986500692397
710	-0.00036293435617888205	0.011798191569300284	0.015209152833937138
834	-0.07273292731469838	0.06408816523803013	-0.024108112336758254
865	-0.00725674708519488	-0.052943951786685525	-0.034203721022958794
916	0.008611169230171637	0.024660383976588308	0.025208719283711246
956	-0.007901386083144786	-0.035799709315130476	-0.05477486948499704
965	-0.07038012832036457	-0.011284971251223313	0.044436172741442584
1486	0.08398712768522497	0.0015894558631060285	-0.0025848866044399354
1500	0.008226031428265036	-0.016670053617503594	0.08777101952252535
1531	0.03951469038330801	-0.008276686823910782	-0.01692708850636928
1726	0.022113503179293236	0.0021375753617124803	0.025464716911048818
1767	0.02692434777140299	-0.0178550838716529	0.01960822080014469
1973	0.015909831580443956	0.07875118964432173	-0.03309081854821724
2097	0.018758052323385736	0.027628700855115505	0.03654766047655257
2348	0.03715820628521238	0.03591342892405845	-0.047065513862676336
2480	0.01359493477487943	0.004123678595287674	-0.09812571532710856
2497	-0.005011426195251705	0.015438586474583993	0.03770974960404917
2651	-0.06003053263985137	0.056506327185835085	-0.05460547112875996
2695	-0.024203579334973815	0.04553695385989475	0.004746174747533679
2715	0.05645604405276076	-0.031636215319571996	-0.01916461983486336
2895	0.01492882634647099	-0.04623061668043401	-0.05479779024047638
2904	0.006542610150222338	-0.01905477228425921	-0.062306015872389715
2989	0.06009079331877406	-0.058078884385725164	-0.039992083253509836
2991	-0.008175618402649042	-0.055671021424186645	-0.018041620190581725
3066	-0.03937266336883498	-0.02865330531902565	0.02513328175007351
3157	-0.0023167189389929096	-0.05108880224127596	0.009885093145564638
3334	-0.04883455520968527	0.04770076111272831	-0.01893616178676483
3397	0.06126367172462026	0.0116402394746527	0.054947043470926694
3512	-0.016920262243391722	0.030154438599207644	0.005384215788478556
3524	0.06814872452028284	-0.037598596558101584	-0.02172939600043851
3811	-0.026853601626623428	-0.02316521076439301	0.017921307006824275
3821	-0.03378238275657075	-0.026513633378253323	0.008120229706286626
3888	0.008227713268414646	-0.04955010964734092	0.0036777183464776013
3931	-0.002997223754470531	-0.017663211495304188	0.043533087910022854
4017	-0.026808516155310914	0.022713416578609397	0.04102450469251777
4115	0.07581006986959667	0.09828359753968302	-0.009221422572575584
4191	-0.02051248838217833	0.02489592735044057	0.0028110392259684995
5335	-0.008242376513216864	-0.00016766771970561496	-0.03349424056501797
5367	-0.00965642532357797	-0.020940407688297816	-0.020200635263823985
5433	-0.02509546128353216	0.02406652974140708	-0.007932877508914188
5467	-0.009037169629393048	0.020523486626818084	-0.019387018261110524
5573	0.004291658844979458	-0.04205990772304098	-0.009608588241738913
5589	0.048635470869376994	-0.06532815305790285	-0.02867015360149316
5695	0.004439052117700051	0.010974805952322642	0.025273588690385314
5743	0.011557967070131597	-0.010201625277701893	-0.006240017890010026
5748	-0.04260629599565484	-0.05515482130976392	0.07033092625751595
5760	0.05303894907642114	-0.012916776039231179	-0.021374778341762924
5795	-0.01091667259791816	0.005592685886306681	0.04922794812964259
5799	0.0006400035072730038	-0.021585421413338534	-0.058936707087082714
5875	0.019230127713971944	-0.00914997664299698	0.014241057104422175
6005	0.07097545677218146	0.043122732218309284	-0.057944745892966144
6132	0.005980134539130031	-0.01234682400102706	-0.028740521369837704
6343	0.07205995640212043	0.06526637258152301	-0.0076593454066011665
6417	-0.0027004626056212973	-0.05688640209347326	-0.059319875962480874
6437	-0.0007959360464147943	0.019017040397177165	-0.046095789786459694
6589	-0.03909810706700319	-0.022628306092437104	0.0437724336240143
6593	-0.0031667360279909688	0.005181510205735615	-0.012790842050343178
6672	0.03568034852197231	0.001919906278210038	-0.030696602014392053
6688	0.058677099972007166	-0.016208927583244857	0.010162913372769799
6762	0.006727376096599937	-0.04507569645716652	0.019620721244741835
6946	-0.031785696150581084	-0.012245823013244225	-0.0883490737460296
6966	0.03348162747258984	-0.013903134584674438	0.02070611665592948
7151	-0.03953294507425066	-0.006808671861425163	-0.02462807808100134
34494	-0.006256646566105436	-0.00422943859888246	-0.09859284875187732
34532	-0.03446960634306898	0.016315211980265892	0.03353740284032113
35345	0.07574728413167595	0.03710589061158683	0.016568824256030908
35349	-0.04744911058579452	0.03311936629196302	0.045697800897964054
35456	0.028423780941041248	0.07502195551332158	0.0424254855801595
35882	0.04588357352070347	0.02952007995414324	-0.061697423409872706
36051	-0.00602464213777337	0.013306809143873733	0.004828644102877599
36254	-0.019640592107750154	0.007792145961701528	-0.05711521986990639
36255	-0.001763008969311943	0.025289639082551787	-0.062427585864828515
36672	0.04841807226235613	-0.0806358586811437	0.05999583026811388
36736	0.024482152011884414	0.004857474216794418	0.009246387092447949
40386	0.033497830085297844	-0.00708117190787694	0.052472829716257795
40995	-0.035702753257313556	-0.044494159752640906	-0.03209882487334999
41041	0.011619148877696184	0.027457989668156414	-0.0666690748410627
41163	0.010409687799755603	0.025996970465166042	0.0010385762262362641
41556	-0.04626505541931915	0.04699096261891196	0.013738372491883623
41670	-0.003146387737745059	-0.05913975140056158	-0.040023487156326726
41821	-0.026373046766266867	0.043047191338559415	-0.02495721331225742
43187	0.014208129163399709	0.03189870988342779	-0.03958058267763266
43218	0.0013708339108653939	0.013763235018892594	0.0075478780673067115
43266	-0.08091160804895033	0.020676639267670216	-0.019467010309454472
43307	0.016654554348629905	0.01141951557401658	-0.04472636815113964
43323	0.0011114848274189609	0.05519436877525	-0.028844755163414226
43332	-0.018032996677281147	0.007118886644992849	0.08915115253861243
43411	0.005277967113004942	0.025667100177847534	-0.055898583780844065
43412	0.023686764436515788	0.04582073400521972	0.001380770488541925
43454	0.07087013354238901	-0.006244470844370795	0.01573056539825335
43908	0.004249852452023989	0.028399302136442716	-0.05663381112331432
44006	0.0336976724957414	-0.010973466614867828	0.02189819498443414
44457	0.09622437676052313	0.023157776940466966	-0.005829662820530529
44712	0.02017034424391867	-0.018644228293919148	0.019597844681839564
44981	-0.05563213678489866	-0.03635138049156533	-0.00573696067207038
45090	0.018482090398692117	-0.013834463746903078	-0.045020777167652994
45411	0.009201171960578606	0.037247757128130984	0.008691378472045812
45918	-0.00825502520091469	0.08667731083302951	0.021258328526610016
48363	0.0156763387274514	-0.03540918053653417	-0.0339591794926164
53252	0.07191052861387655	-0.017254291283066804	0.024348476364892402
53346	-0.015695009145933348	-0.05559220223329079	-0.030571252780510386
53584	0.0026105931648703787	-0.0246396679699961	0.02165771841923564
53616	-0.03374064609800673	-0.01049889529099634	0.06772077948592946
53854	-0.008206214669227429	0.04296904922987147	0.006882945100907665
53860	-0.02673449367346146	-0.07343164657542471	0.031256528517016643
57681	0.016924289939269616	-0.037456683351834184	0.05601445846939454
57927	-0.00040062794972707246	0.022946540953140283	0.02511666528841551
57977	0.0663468864790092	0.02602407412300913	-0.005149888261813998
58028	-0.03370644641688955	-0.023503553213827428	0.05303280021434343
58055	0.08361741513458754	0.0519854610881656	-0.02723070104976174
58069	-0.04455067908448577	0.04769008374343994	-0.025221097424683654
58084	0.01214281087847618	-0.004383826091569635	-0.024993516289886584
58122	0.04534138425019703	-0.02926934607905737	-0.0057885271319582775
58161	0.021111854960069787	-0.050884250926610086	0.006795642672023288
58179	0.007856275050422194	0.00548515276060379	-0.019880423343668262
58191	-0.018613084370040434	0.029317575400942063	-0.0511606197460094
58208	-0.008943928606789263	-0.026001822448605695	0.0023827906693891553
58262	-0.052970399733405865	0.02013472279844131	0.03399688125845208
58332	0.01300405690002462	-0.026332914049137318	0.025781135809980482
58335	-0.07023012598455207	0.002963537886253415	0.07523613619621819
58362	-0.00012038590422121795	-0.056725263902001076	0.06729290115617315
58386	0.02701484398471261	-0.052510630844771006	0.018153653078616345
58392	0.014006374789309009	0.05122408603230126	-0.007618666541378878
58401	-0.020323905794656684	0.0351902836169182	0.05708735447097372
58409	0.05245927405477284	0.0045623927653752755	0.023644664147120926
58414	-0.014268839790793856	-0.05913816334844963	0.013155472933910624
58415	-0.046325539446032994	-0.04404098561837231	-0.005350233059536862
58518	0.013430415214905865	0.09363187669714496	0.049238931458599616
58540	-0.03709128592818829	-0.03196339453928629	0.052899610594455686
59322	-0.06355137094786557	0.017575451204733375	0.04272523391483869
59330	0.03072718906110213	0.056652190728530644	0.025648675528738233
59339	0.020565785431169225	0.020263538476262662	-0.005424569058102684
59340	0.005171348080601098	-0.0409866223809151	-0.07000535475233913
59439	-0.06729968135647027	-0.02134082650835576	0.03767733213300519
59471	-0.0005076908468656243	0.0077673513154617796	-0.022816340979683096
59537	-0.062000504225347725	0.009108287696216534	0.09273560844556941
59602	-0.05568605832363431	-0.014319053433368006	-0.011036832108396458
59628	0.011505127356861754	-0.005137173329402725	0.024000027502482195
59701	-0.018811904768832485	0.05365089703698693	-0.05488761328313774
59833	0.04671738281924893	-0.026692488551964728	0.012507840007606786
59898	0.0027351019043685616	0.0020114834414174942	0.008250770591663773
60064	-0.016447364920977304	-0.01698390911056802	-0.03415283408801019
60169	-0.006668865528026196	-0.01571525814701749	0.01678312271019502
60287	0.02422286595327104	-0.01756026924655223	0.0077107173530749935
60345	-0.010978511320711136	0.03105602484995427	0.02349518872066547
60616	-0.08683481070335228	-0.09523944428504488	-0.020230521255577928
60804	0.0082992023403662	-0.053833893803211456	-0.09585110326756342
61169	-0.0952312550177777	0.05349641790693398	-0.008991853614608636
61675	-0.047170045631507326	0.00664232593279002	-0.04947655929941622
61691	0.010709444173382874	-0.10432445501845374	-0.03747937516775615
61692	0.036080809191473634	-0.005825184074995768	-0.02907536559992984
61693	-0.07900526647284838	0.05325597565835063	-0.010079254095325568
61702	-0.037716531915249006	0.034541389220825176	-0.010629804373771834
61705	-0.0021052969239001846	-0.0987423983881527	-0.0845494988415769
61710	0.058223498536359476	-0.023024510887587262	-0.034146592877239354
61711	-0.008128674160885611	0.0033706615972171126	0.0695891840734911
61716	-0.000414839749907304	0.0031194370446750983	-0.05476709223517664
61861	-0.042696572330751366	-0.06599626179165423	-0.04612562208582316
61937	-0.011506255108302667	0.0010224276640671752	0.02962397335828101
62004	-0.004725178096502213	0.003436757305680032	-0.040976364521747216
62015	-0.008819912421708558	0.0727335496991921	-0.0014976773174489291
62019	0.03756344371023374	-0.005851829373017269	0.008839545452496399
62022	0.05155183068728663	0.003153414101639728	0.051042217297786074
62038	-0.007277197979479324	0.032622024383260305	0.0038009152419925417
62048	-0.0880246573390075	-0.04200673464792383	0.021152286291077
62056	0.014035796511871005	0.037759857984100864	0.028388016525907465
62057	-0.0902689083463928	-0.02156968359521948	-0.013283411225908922
62113	0.03500338486134991	0.0025347126899400857	0.020632159467606513
62261	-0.035265034716195236	0.009263472400067639	-0.0475939035931416
62270	-0.10526794045991925	-0.041750575067026285	0.0004819617237579471
62271	-0.05356195968388005	-0.00014443435961729905	0.0047915514676935556
62272	-0.014838856432114637	-0.01784529970342443	0.07713129407617744
62275	-0.00484319058571963	0.05018419920468298	-0.04009902608043304
62278	0.06001172371622283	0.05437837197006543	0.08668336637571566
62281	0.03620843533348174	0.040706891347233674	0.016202328502475372
62284	0.009943602010432677	-0.05210672802523792	0.03745537155138874
62286	0.0013074843054889465	0.020547236846725162	0.015485384162579533
62315	-0.040952402924677285	0.0457756857831797	-0.021985897625086057
62316	-0.02173719721956213	0.08398327566468766	0.016257074609312878
62318	0.0339022043991724	-0.0037084279171372527	-0.06045924391551202
62328	0.05873430117670395	0.01259106702328274	0.024099999159688204
62336	0.028260498051753326	-0.031394682592747	0.035051401087015426
62343	-0.01266141498693913	-0.036351264209378	-0.03146369541790094
62388	-0.02639081284999974	-0.0298517020423503	0.024698086154292094
62407	0.011277007335650112	-0.02218877012170471	0.008605433563650724
62408	0.015161370288140049	0.03996113879056926	0.004481217836025724
62464	0.0121837187319419	-0.0019395625389482963	0.011086948041876174
62494	0.005151256540135869	0.008829616084697222	-0.10120504049498
62554	0.028327111090212402	0.06995035223723148	-0.007505126489877402
62619	-0.008636806184864542	0.006070158658777267	0.032589421304912505
62744	0.021042450850403984	-0.0057596963988603535	0.016008779101305163
62785	0.0012877076597846346	0.01621618652057703	-0.028233779376142985
62803	0.0633527246712985	-0.04463456720750958	-0.01573057476896166
62859	0.0007176353873017174	0.03373870793812256	-0.01004793116362113
62905	-0.027890815398703944	0.05880026488402302	-0.019764632938268193
62926	0.007452906357571103	-0.006662795180993324	-0.012831234776499343
63100	0.01289752147594906	0.02259341400181325	-0.06192668864164459
63104	-0.00013020608817562173	-0.010657708194809563	0.010135841014189809
63425	-0.013135674073095516	0.038950077708653406	-0.013165950474495628
63617	-0.01301428882932862	-0.01137395585509365	0.0738817619712293
63646	0.04579661004573259	-0.0030602427425600693	-0.05936012669356868
63699	-0.11726921921172183	0.009691279257744075	-0.012518597361548462
63705	0.00396676045458662	-0.040365264983013356	0.028649022850587954
63727	-0.0065147249509381	-0.020204443181913345	0.017499070211763272
63788	-0.02983354748531237	0.05041712212160943	-0.01388603906464943
63913	0.037321652507181294	-0.06958401134526658	0.0092852949696367
63919	0.013982403029481172	0.00782552191565947	0.029247477137127664
63967	0.017504378462647168	-0.06726535233608054	0.005018478270655096
64078	0.01132541258560919	-0.037355976246568515	0.01062850245800786
64348	-0.01882225437578971	-0.04331729223503711	-0.026985646186616478
64442	0.016069644063666018	-0.009290121658056325	0.029461661975273765
64513	0.021387531840553524	0.05111818279588927	-0.004406540339099239
64569	0.0008033049558984492	-0.07079748163986155	-0.010880357281951154
64605	0.04135729453098948	-0.04282515722011186	0.014056665823162307
64754	-0.04617419898282202	0.005892301740316164	-0.018953487541244363
65531	-0.024646340619265145	0.002402307716205627	0.0262628050883247
65540	0.028831047784107184	-0.0031756513142922635	-0.019387254061339062
65561	0.006587829005791998	-0.03256385685938612	0.00968611076047444
65619	-0.001760350063141495	-0.04098788346600629	0.015503789471569246
65659	-0.011053817318647395	-0.016756989503079498	-0.02417584695614579
65718	0.018770331739303873	0.021833745195175863	0.036345496004607805
65728	0.06153606176961869	-0.023392909014389618	-0.03818131288200384
65738	-0.046927310710064125	0.002880067646072182	-0.05624508922311425
65756	0.051212591947997176	-0.02963653788987094	-0.04402979153816334
65951	-0.03462293337805433	-0.006896019682913446	-0.01589379992521763
66028	0.0025941092859709538	-0.0055877912652323525	0.0015991399127234952
66097	0.008988033843690197	-0.07333141556669705	0.027250535409133313
66142	0.08647053028804534	0.034791831549666516	-0.041746362552642136
66157	-0.005289920444354363	-0.025441396960021553	-0.06375748735176809
66217	0.09479212646626371	-0.04125396968363317	0.06400589025365554
66242	-0.009047756440973618	-0.03325651414485123	-0.00047970202221564077
66417	-0.12902325311944007	0.06568457413108292	-0.047331653748544006
66571	-0.03347224979545404	-0.02693842312594844	-0.025399805625916545
66612	-0.04306157659465347	-0.0011341217798878063	0.05357299561567454
66652	0.03930240041225041	-0.0009980681286762096	0.03539131785158059
66654	-0.05476993329792786	-0.01326442946248573	-0.0057714338453949575
66700	0.046999810040421516	-0.017994475289541137	-0.01990973483758811
66747	-0.00212603373134346	0.035659528486078444	0.0019265647159223706
66774	0.003245991049046836	-0.00502839465582131	-0.02577125138410619
66970	0.09585435238877496	0.08859677747412481	-0.008103554686793033
67000	-0.055970372548146054	-0.03335374768037706	-0.04691013437771006
67006	0.06698728735897821	0.0632136741190132	-0.029260857178171302
67093	0.008743160051969881	0.0035813147913632353	-0.020233184650634912
67111	0.0462617572590828	-0.038332447637616104	0.044084815031837615
67112	-0.05138928655341446	0.08157199901091676	0.013609591069066196
67128	-0.04522095708516624	-0.014741784968952776	-0.01160924385908185
67242	-0.03801705462574276	0.023411232000729087	-0.06907489875367283
67413	-0.05841857403847423	0.002142666856477556	0.01298318721687204
67420	-0.012109087845457042	-0.021614093451790335	-0.006162186436249239
67423	0.02611662937398514	-0.02942872868587225	-0.01401934445321688
67475	0.010595197987658237	-0.006129296065209823	-0.057391873602304404
67478	-0.01014717500142262	-0.0428565783229917	-0.030489204627896355
67547	-0.048980048739949565	0.03195537736745362	-0.024541722211818433
67551	-0.08019840112372889	0.09521202156330501	0.02835609063727989
67610	0.020617335732196037	-0.04259097544686017	0.015640674057993083
67754	-0.08396979629296	0.009820475856473316	-0.01714003242994947
67924	0.009815284816851696	-0.02649977568840629	-0.014094584069459785
67982	-0.04652636033928426	-0.022590316613985032	-0.02286856549695266
67997	-0.011551495865806454	-0.021517427539748012	0.03620601257920319
68011	-0.025337297871119078	0.04310204280716662	0.0027431583797816526
68024	-0.026129766023185827	0.0399970042278483	0.025713644668248513
68076	-0.07707037812463996	0.08690551134028399	0.0049125636883445645
68089	0.05376045864758115	0.00022649413360323	-0.0041971323041866794
68230	0.040266365179119204	0.0027875693301420952	-0.04513745545967019
68291	-0.016622054411537173	0.05806405614748221	0.025474230555043012
68313	-0.0545528463358912	-0.06272884105894237	0.053297837427777904
68411	0.021521116374605388	0.0015986984178924597	0.036033063311166506
68596	-0.06509213593559389	-0.03569137848757179	0.012193569711323219
68637	-0.019877637207537872	0.0327943712953373	0.007432463612222789
68666	-0.035132009295398864	0.030978375968754242	0.01949754410584101
68705	0.06239003142165863	0.039778666150177784	0.06664773188973634
68833	-0.07360192846895507	0.0008932851281041935	-0.02259965136241288
68854	0.05024919314388496	0.02040942206348721	0.07221902695401804
68865	0.015908801970005108	-0.013220812902592837	-0.03201064129896367
68979	-0.05593278123032122	0.04957355535510887	-0.004544281679544758
68995	-0.03572808591617228	-0.05494388601211604	-0.022156717045885406
69002	-0.00453607833511535	0.03574067154538521	-0.05869576924507398
69014	0.03361287300044015	-0.005668333126011164	-0.03731970633504156
69125	0.017180809510637836	0.10067689563758511	-0.03348296771060301
69152	0.03019731412646389	0.07492285827053663	0.01591473207111958
69167	-0.03768426696236454	-0.011606813197607037	0.005147150908529543
69289	0.07439072091230156	-0.021198357733401136	-0.051563129207308066
69304	-0.03210699095575637	0.09782614427043965	0.058852325458736844
69312	0.013955215754615464	0.0032214131991760834	0.020858678508248997
69322	-0.012221260709052627	-0.03352370303522625	0.06139658059816803
69325	-0.02077137928803935	0.06976864021669478	-0.000626629650874621
69350	0.055299761965253075	0.008249248553294853	-0.0025133523605667916
69354	-0.03134774706209923	0.01690818517552754	0.046706206063657864
69433	-0.043584746636767535	0.018842557112236463	-0.00010194698973965773
69440	-0.03639737031237931	-0.10576178386580339	-0.01796746230720467
69512	-0.0709753429265759	0.024269069214701657	-0.09005458752673365
69559	-0.008940945963524457	0.00880595648140365	-0.04951060956543449
69577	0.08918893917367045	0.03426975759603076	-0.036968934007960266
69627	0.04092956409910626	-0.03340131141806666	-0.04020181552893869
69638	-0.002868538292014886	0.02979695123394892	0.03097582575641361
69686	0.03229167534615242	0.050424112130910734	-0.04560103001524494
69739	-0.012793245681898489	-0.00987756286190378	0.02257092392992343
69744	-0.05253655646699238	0.023174538327378365	0.021660797253243828
69897	-0.0965955744124864	0.05250657278981832	0.04983882619604848
69898	-0.03184691667229742	0.01696351107759941	-0.02524923968051875
70068	-0.08419709759453722	0.10117269326236325	0.045774337020847954
70218	0.11246595047880308	-0.05434525344150839	-0.059586897129676276
70260	0.048867752922374844	-0.041193808480664555	-0.017919567688903463
70323	0.03050088697038641	0.05871778735945308	-0.013016106383557872
70333	0.003037845576395257	-0.0007644408354654925	-0.05628780662063182
70430	-0.016646039841208854	-0.05812050545480105	-0.03618202400152958
70527	-0.05861380253152937	-0.10745958927631316	0.02101156873823103
70670	-0.020920743410824484	0.004889498712411202	-0.04609186212997638
70682	0.021173210122560373	-0.0423190867992681	-0.025792378901151245
70795	-0.01806452286303322	-0.04272662272897489	0.08377970728508181
70801	0.029705431266395424	0.0010919675357983594	0.024820039501256233
70848	-0.041043886652343806	-0.026362098871782712	0.09211468269598687
70912	0.03936180540790178	0.05691337859392952	-0.07874262198468579
70914	0.02873771902495146	0.028439780727751683	-0.04085477024370824
70915	0.051070062523031576	-0.07694408728747133	-0.04384909763652064
70959	0.021671312991897878	0.030268139491498116	0.06268067764967479
71040	-0.013134061035536104	-0.00447050096528532	0.024395576590871257
71051	0.03486314466916457	-0.0014293402800486924	-0.0035220650961153444
71070	0.022401192491290297	0.0004153012410665623	0.004822298525487795
71091	0.017961618597486226	0.06034815654991066	-0.014510698525448236
71103	-0.020499230007634702	-0.06311763347402091	0.0032048630507045847
71166	0.014980930746767887	-0.0042636306689047	-0.014641714711563487
71174	-0.010684874257855692	0.018183356088308157	0.03627225496807282
71191	-0.009284118328119286	0.02713617575283418	-0.04681501967017795
71373	-0.008593002886059069	-0.008689093201536905	-0.03348645531154764
71431	-0.03236003832314961	0.019924578375594602	-0.004337756673980139
71528	0.018972089823176996	-0.038533505982316765	0.03151532584202431
71536	-0.0424380603694139	-0.01612331221232614	-0.02399494147465453
71585	0.013230880704328225	0.07110202133130186	0.03909384742950445
71590	-0.03900351312036269	-0.05544881005609924	0.012078016096233338
71777	0.025088009207318754	-0.004882523321899939	0.012661078907444116
71780	0.00022206084269840533	-0.03755069326019968	-0.027177752582788386
71788	0.012835513981784608	0.003438728509648522	-0.01428807819658644
71870	0.03093743806998184	0.04129462811647659	0.0027878417553978325
71906	-0.00394442530748236	0.00691221848037862	-0.041698024865022366
71987	0.016685130519850815	0.10015476506396408	0.019442186109726423
71994	-0.022854992157499938	0.00385434589836059	0.0029261421945237227
72156	0.009834948690271952	-0.023880399374187247	0.005102156474148244
72199	-0.0435001274365045	0.01152863215046912	0.03642755895210462
72331	-0.029188987488492364	-0.008509640701077525	-0.029103882265126592
72346	-0.009064491601918188	0.02801652941926564	-0.021748213101027095
72381	-0.025169952319804432	-0.021788749989225923	-0.011586206522765057
72427	-0.07521368161719133	-0.012398625410391767	-0.009304784584220648
72518	-0.029471008769074564	-0.02672127027894777	0.045783763515759274
72519	0.04741825170324256	0.012805326537979693	-0.039121707624015276
72532	-0.013166011989222246	-0.0029309081705202363	-0.02050314090773099
72556	-0.00511457161506554	-0.00417535569541944	0.002216561101885038
72683	-0.04157588690915176	0.030300036848200027	0.05920175753375978
72704	0.0343138160232918	-0.012454390038871497	-0.04505452754279814
72789	0.039311115779959105	-0.012096336164344227	-0.0013158134748020329
72840	-0.07174938726964186	-0.022555333149851926	-0.042047044475984834
72843	0.025379759563192016	-0.03927632277519032	0.0005084657427189665
72848	0.03412043627954564	0.025464307890400835	-0.009228653536757348
73021	-0.028357918371847823	-0.024189273476670076	-0.005126254596945386
73172	0.08324764947710817	0.0061462869038875064	0.002026843030875271
73200	0.030851533808094234	-0.013065280831552284	-0.09113358662001655
73226	-0.00818148488276272	-0.0945231455063579	0.07933322358983202
73283	0.04087897281380402	-0.034159867521660746	-0.0526016178904526
73366	0.03374713735897271	0.0491982665869172	0.0110632681112878
73406	-0.05563080382005653	-0.028368007233589322	0.0022187649916694456
73422	-0.006444655526849978	-0.04977197075754661	-0.07630313901276002
73424	0.0472009177483446	-0.0698990532764907	-0.029381177787957805
73480	0.028057971097916638	-0.018722349081186355	0.0035325844228726927
73489	-0.016799989123145884	-0.002299878600414778	-0.024060002515885033
73498	-0.06367533488972678	0.0030487222470172203	-0.017572544568352978
73499	-0.0631979773386775	0.019496621021386388	0.0020292309797934186
73506	-0.025712845220490308	0.015588274874190896	-0.015247930340910622
73510	-0.04976589227959099	0.010967383030915177	-0.041435219948823154
73832	0.055345120358364114	-0.011172171055594714	-0.005270206460037301
73923	0.03096201708675622	-0.019058478519110713	-0.11570266084004212
74032	-0.0487552642215328	-0.007761591791002333	-0.05314525811349964
74801	0.004497081463080657	-0.07195141337522969	-0.019299808998391982
74917	-0.0033308776205618297	0.04859875964497912	0.06355920960137328
74936	-0.0021859966674183016	-0.001490061608376876	0.03081328164298078
75330	0.023882313599429467	-0.06341879573997387	-0.014518977537651084
75446	-0.014216162655658162	-0.05269128631418336	-0.11091182913121682
75537	0.03065627923573543	-0.009436428821362435	-0.02546922706400849
84073	0.008457388325276628	0.02189948515706586	0.05109198038503602
84469	0.052596929136568604	0.015933822247830017	-0.03920282860501651
85231	0.015183471860195797	-0.006213793052178117	0.01619594488834578
85232	0.02490250063085706	0.04472339786858896	0.056489772098476936
85233	0.12348205064255474	0.011247721634297162	0.010963143758912362
85240	0.022946487607617496	0.0264302667967872	-0.04894622338511342
85259	0.0021609625585406753	0.06811674766306146	-0.02179438663693047
85267	0.03096227824663176	0.08011470262363879	-0.038611039643329216
85274	0.07233566492305643	0.032537001175095795	0.033873939308919916
85289	-0.011144002284224942	0.04931357156545931	0.038983148900103924
85346	-0.02001292783474927	0.04727930664473151	-0.04625446445795924
85390	-0.036827721850609556	-0.04113347636865473	0.047193427170937115
85483	-0.02761615129469472	0.030723059566514603	-0.0020319521968577624
85543	-0.03223205591556865	0.03186678641723982	0.05815157065773543
85578	0.023603716267070404	0.055764306018305065	0.052358441397656635
85618	-0.03855742016421458	0.029383775407213337	-0.004385571064221262
85619	-0.020639222432604902	0.034522334094704316	0.008059009671186581
85637	0.047931566603628184	0.027151213894243464	0.018005620837482045
85713	-0.024103634500792222	0.05759555791303302	-0.04843135448596474
85714	0.01709586697758437	0.013323598646240366	-0.0036921382853242115
85716	0.052498375899892306	0.10552103600342247	-0.024686109912534452
85739	0.03618947960681924	-0.05735448096336066	0.05383584733164931
85744	0.012989187186778961	0.043116991946125754	-0.05397211644870843
85773	-0.00619330001281515	-0.015024400843937486	0.005934848320379041
85782	-0.026771512051154765	-0.0181000474324508	0.0247873873557733
85916	-0.07021095594568097	-0.014786279778679245	-0.04469809168092338
85920	0.06835318882528323	-0.01403329090504031	-0.020522376361916776
86188	0.029438618812809104	-0.013719243671068084	-0.03837322631640509
86208	-0.02471146009400316	-0.01411089874532424	-0.07641800777080977
86223	-0.016529073059706075	-0.04595387919469791	-0.014442056149131318
86236	-0.03552115241823771	-0.04168968444505135	-0.11933638721535299
86262	0.04339312028623052	0.08622310366963724	0.02789247985393126
86263	-0.017570956968883226	0.033625128336086274	0.06176397350902033
86334	-0.0011850147912465928	0.006537770778336633	0.04041120350812448
86341	0.048733769767689096	-0.01606427882566944	0.046209888293873506
86342	-0.032269884644132205	0.07445286083849292	-0.021466328982245885
86390	0.0027294942015935303	-0.014583794133975736	0.03751715150473171
86412	5.6380138082238e-05	-0.022464664690604774	-0.009469639295040843
86450	0.02196478945940502	-0.0231690365422076	0.05406906050978062
86464	0.06626365403448743	-0.06119370945935193	-0.05020169724748415
86472	0.07042999724155212	0.010068846573495908	0.08562538933931144
86478	-0.07210335883187845	-0.01464527711718737	0.006403842283812701
86479	0.02227452620747775	0.005589119155354937	0.008783856718096525
86486	-0.0074119184615493985	-0.08529047859753329	0.015088950786648793
86489	-0.07331142681794113	0.0054168589412343805	-0.04703376319161803
86525	-0.040110944662604966	0.024467978217919597	-0.042348178198076715
86545	-0.011889359464913443	-0.0035327480479077473	-0.0014426877594668909
86592	-0.0033804731210781407	0.01886645303856115	0.012087795865820414
86625	0.08526493264487903	0.06246274286913371	0.04255503785690813
86645	0.02036695086690032	-0.05111520147271843	0.01989474831779838
86656	-0.015115286815644861	0.0033464327831140687	-0.03534440144856013
86659	-0.04460978928148409	0.011180822642421036	0.036455284284878306
86666	0.02131690927724352	-0.032986190563718536	0.07118734408475134
86753	0.014174753924757347	0.07482161868748305	-0.03049821451058192
86766	-0.04923446183855279	-0.0717135900188723	0.04067243663330642
86791	0.034232778356033826	0.024292310353997298	0.02647110869415039
86803	0.020381756717750072	0.02234492902239341	-0.007262997824360587
86873	0.014695170830964426	0.002867068467101883	0.010958190122812576
86915	0.002161578117151155	0.03488447483469673	0.004079369083512659
86949	0.03933781115914015	0.032931633443979695	0.043832616154193586
86951	-0.01962773087320299	-0.0020934309676113954	0.04784133516254399
86953	0.029984541500206085	0.01142621535289606	0.0005024658113416035
86966	0.052967743998179696	0.009349164444297495	0.12025073803848886
87001	0.0732953354735366	0.0014041501578963365	0.0714510580160115
87013	-6.152649937773213e-05	0.0085584422018124	0.04296810743883819
87123	-0.07091211300258782	0.008943729284585982	0.028679998616310313
87135	0.000988801891551448	0.005255842409168771	-0.014567347833687438
87163	0.01718394110146338	0.015078762735830016	-0.04457250155218577
87182	-0.0022205157508407283	-0.06316430008789994	-0.007779867953391403
87286	0.014064509005321628	-0.036144670825926116	-0.013317370949670981
87291	0.045835491391450524	0.05506421921608187	0.03496259270559604
87294	0.044161162933370565	-0.0004338447985985499	0.004420574758856754
87295	0.04737620436515281	-0.014800727647536522	0.02156077678675948
87299	-0.009772720722768498	-0.03274975816016395	-0.00398723713171419
87316	0.0026545839687123905	-0.04744103607400713	0.0033017284472868806
87332	-0.012943956974675251	-0.043346576796606986	0.013948952620630185
87337	0.04341915992042818	0.09856876932366039	0.04651561535019361
87338	-0.03180459076201535	0.030326171928786505	-0.027607665893433827
87362	0.021210677915856457	0.006078038819777488	0.00688196593082471
87368	-0.04117127018115804	0.05298328411862887	-0.021448919685270636
87374	-0.0041434610735735945	-0.03951255783476303	0.021686596371927578
87376	0.043276059256968015	0.09572051237409808	-0.0179326199417092
87393	-0.027418505372568153	0.01277392750841665	-0.03240913145069528
87394	-0.049744709282850075	-0.057875844741637164	-0.05515027982491536
87429	-0.007570631234567839	-0.07535849562671842	-0.024032981569074373
87444	0.01833143061296149	0.04672295012506227	-0.05873014372279096
87473	-0.038754742931448295	0.012182100339126745	-0.027060929712523135
87488	-0.07594298911645275	0.04839100566060304	0.04281264163587486
87519	0.005910606686300357	0.03143219054171483	-0.02800224166512683
87569	-0.03738048035256699	-0.05848230102588346	0.0374322730953286
87620	-0.0705343082336194	0.013718177306568194	0.04445947708210847
87634	-0.07155973892461905	0.004633228962586742	-0.03544403608639046
87635	0.04697521603286066	-0.03874485977714909	0.03259623048002771
87786	0.059581591382294255	0.04646530677325924	-0.013224866446479324
87846	-0.006486515831743341	-0.024350508859394285	-0.019000551313467572
87854	0.03699676803640851	-0.055389020992186726	0.022911508801996293
87856	-0.028056122098319664	-0.02366762034554272	0.04198902750517685
87870	-0.07677782528316952	0.038450987114201245	0.046768848309693974
87905	-0.06137293586472605	-0.018960452374661284	0.059996153074634954
87975	0.01229627225143918	-0.026823445249525145	-0.0367326179356157
88013	-0.004170163877689533	0.021931570351208095	-0.012006124124926807
88066	0.015402677538287413	-0.046206851991868796	0.039593000963201036
88174	-0.03824272560180657	0.08510209717340995	-0.012688592297367369
88199	0.011390830448527007	-0.05251712253231866	0.03515830023492001
88200	-0.016411918318400064	0.00245206268286498	0.061472694169762365
88215	-0.04104105308903082	-0.05312742112835559	0.044605557869277335
88285	0.06046475407097491	0.05034070320104065	0.06858162849032971
88296	-0.0010845583268659833	-0.023676593817893617	-0.07691422176471635
88359	0.07467487921893061	0.010226706418171966	0.045312954925692414
88396	0.052105973383819476	-0.009618212203734985	-0.01901523218552198
88425	0.0027456833373259077	0.09117518894816583	-0.047317102333079175
88487	-0.0371639606964727	0.029891043921157615	0.058705989638705464
88500	0.03297040531279141	-0.04418391034024795	-0.018903007377675692
88518	0.0308508426691919	-0.04638903649844948	-0.02141968418841537
88528	-0.0183816376830519	0.03643821356230337	-0.05739292225543237
88667	0.030672393101509193	0.01844489322448266	0.048339427749180965
88739	0.009457347427227333	0.05199715716881567	-0.039824582032087684
88773	-0.008529021330787064	0.0075495166099406544	0.010981939755886868
88776	-0.019798581810689157	0.02037560649174307	0.02572657498003263
88916	0.018144717138243005	0.01727213334927019	0.06537042535457632
88933	-0.017223586699253696	-0.004372404222822505	-0.007126681769569654
88955	-0.012251067009660213	-0.0014705900684262132	0.0793553246719657
88957	-0.02381208711057922	-0.002931779500706258	0.0016399951410536239
89006	0.039346814189346144	-0.05584264938870545	-0.026032103594839404
89072	0.023779957543497907	-0.02174071335650755	0.029864370052781496
89079	-0.010430158914588846	0.036787592424776035	0.0049954284790891205
89083	-0.013778953098288204	-0.013998076791456307	0.007018491140081519
89104	-0.05015018534007938	0.007346141438742309	-0.011057654803660626
89267	0.020698382159002767	-0.027384740357626933	-0.057330340383842465
89288	-0.02110366846149761	-0.04979345864799092	0.03006833498663119
89290	-0.02409374641413966	0.021467234169614702	-0.00018802167962279396
89363	0.04234498296590227	0.026002137431469664	0.12446579515237603
89376	0.01737996824947867	0.0496103731769579	-0.025460079696877025
89394	0.042689605961964146	0.028368433493327253	-0.04338495433921134
89425	-0.01268328010735579	-0.015771330771449193	0.023348037693200315
89440	-0.03852625609383052	-0.05414824212820568	0.045228202207376965
89460	0.03969148122675315	-0.06266058588854825	-0.06490272328888516
89467	0.01042993452686584	-0.035337825772673866	0.013287974433246561
89551	0.004383997663734551	-0.022106188956825767	0.04669700709502771
89583	-0.011082896586795576	-0.027011780357071847	0.025635172318565685
89632	0.05714406852397265	0.04825509845067302	0.04597032092393235
89730	-0.03840820158806649	0.008531925895032853	0.012678721101014702
89740	0.013335003475729438	-0.029511130694368514	-0.006266151487357113
89793	-0.013615600964376673	-0.03432367089764265	0.03818062799254891
89812	-0.006064438401992357	0.03770193342275413	-0.003407507591420555
89814	-0.04600296833345563	0.019585924254397653	-0.03801581357236961
89863	-0.05858908895029028	0.05140807454942988	-0.006541082889295781
89972	0.07853187242361319	-0.002933398184283957	-0.014802276375240462
89978	-0.03534733577796624	0.040999549382842976	-0.03301253869366261
90002	0.028373734989861517	-0.042558763685525886	0.03366240929694431
90005	0.011718528487288394	-0.028271798945846215	-0.014200869452327448
90039	-0.02522951642061517	0.016817645023215307	-0.01629952640538735
90176	-0.03752389866157597	0.04956592518270992	0.03415891915345808
90206	-0.1019444571048489	-0.016566099412452344	0.010648986659981046
90386	0.04241197499796782	-0.016482726065317848	-0.030163752730424154
90396	-0.03768699027613375	-0.004341069030365204	0.05558019471052589
90426	-2.0232163202899453e-05	0.046307046319250846	-0.024428540438738534
90500	0.024098086295780374	-0.03099563704844133	-0.059441707638261926
90534	-0.01851542942935429	-0.038069489110249634	-0.015434943027064095
90633	0.03401714762474071	0.013253885326551997	-0.01599496047681684
90787	-0.059463420646318314	0.025204290919280028	-0.022009343053683513
90795	-0.018124238011235916	-0.038143421725666996	-0.022524603379321273
90835	0.00028215110858499393	-0.009191882247007996	-0.016229816026133298
90850	-0.01920044285339169	-0.010200848415025313	0.050680341979044974
90864	-0.04016266376240031	0.024169439984754296	0.009713941950485094
90917	-0.020321145516810028	-0.06160187606847292	0.01758322862846853
90954	0.03876864907486919	-0.022247795338511435	0.018417858585018848
91018	0.01061414137939594	-0.02310043565673223	0.06999127579420991
91118	0.05490362893117347	0.054509916571966896	-0.03772792191385399
91287	0.018088446447773195	0.007803436208004085	-0.02252934378345548
91337	0.011138881656567678	-0.05042089224062422	0.044035991472192205
91362	0.005726144728179463	-0.053386160779440535	-0.0310244285627527
91473	-0.009895002336123955	-0.015830796187295295	0.029756710799228994
91489	-0.05710246420756088	-0.04348547716199984	-0.014640080355472507
91506	-0.03036120696673493	0.021899520683413137	-0.03408456961340733
91562	0.11601977395890781	0.043516070044215545	0.034408693161868356
91720	0.029336013357753963	-0.04719254915484381	0.0666340053120482
91884	0.006850456534606169	0.02119336519659178	0.060553947708011785
91898	-0.019168151589845632	-0.04390174277550516	-0.031087879284555947
92095	-0.028945203363386598	0.01584283991203198	-0.02538760732354665
92210	0.004961982376876343	-0.010647727518077318	-0.08846370456609892
92247	-0.021767289383313765	0.012292342019784219	-0.04268439224990523
92300	-0.06904244969410712	-0.026261368629625435	-0.007864967939400759
92382	-0.0002033130678774939	-0.014169868587769384	-0.03415473984503758
92384	0.015221578339659793	-0.019789641846026884	0.048978250565325385
92402	-0.04205360152328429	-0.06100101717051713	-0.033828843360440945
92473	0.018560061610502422	-0.017823628226763113	-0.07740544946728246
92533	0.026313798440752482	-0.08298554259126832	0.035726157565318474
92608	-0.035323462205980975	-0.08688600686408991	-0.019140013246091835
92615	0.10109438876701159	-0.03109198911980404	-0.0027644351680134677
92633	0.0071929961752990055	0.10181774098838695	0.019631158503878112
92648	0.006912078877262254	0.029364644403979488	0.0585972636360538
92653	0.02646479849211783	0.05768065976282925	0.016100270266575237
92662	-0.02264867811173263	-0.03999045011553942	0.11706990339018346
92704	0.022959553932875056	0.033262466610972846	-0.030284671803215386
92722	0.036318112191197245	-0.010495172696144023	-0.007146951332648529
92734	0.038648463962398044	0.05585014111702209	0.0023239403686401545
92910	-0.021866558951237878	0.02570630047294308	-0.0341356604475195
92968	-0.03324048436988622	0.06488420131150638	0.01360324590505415
93010	-0.022314767304170022	0.0034913949119230476	-0.052609438750572564
93042	0.03160870560996538	-0.0035803875108954123	0.01236530251873858
93048	-0.04765287436275562	-0.0171847516512138	0.033983583694454776
93094	0.04898923040400752	-0.0012034696103725448	0.07433714154422806
93213	0.07280611545537202	-0.014147798431668086	0.06562977521440948
93238	-0.0163105359510806	0.03119812861827451	0.02380978884271298
93340	-0.024104042749201117	0.01623681752497688	0.030645831210730133
93346	0.01358208403424237	0.05485733018524258	-0.028310166694608584
93375	-0.023122602095173105	-0.01922647318826886	0.08927192099057421
93470	-0.028422497414139193	-0.008293362101504692	-0.056062163644026754
93474	-0.06758423231340081	0.0029269432285017414	-0.016094926229111576
93560	0.013512777379347394	0.0362177488730567	-0.00036812941394532693
93625	0.06498229826642171	-0.02191788760662727	0.008651367344809598
93695	0.03273210097620514	-0.09331996691379976	0.02068648842463267
93730	0.07732539598198215	-0.042093556789784346	-0.006218413532431132
93736	0.022684381820280226	-0.053052607993405096	0.02801983407404599
94010	0.0541079491175314	-0.01399364129057277	0.021326551234136917
94112	-0.011553595530176411	0.06608216392174955	0.01859565217125415
94453	0.048558150711746406	-0.03673215177766228	0.0444246511367402
94574	-0.010503216840748448	0.017838461285258147	0.06486960337490995
94633	-0.0650115452802968	0.0036679278943259424	0.0009580837806226954
94636	0.06535046997224808	0.0017177519030760924	-0.08922773381951545
94704	0.028594367022931944	-0.06097755506157122	0.027906545121097394
94768	-0.01712467475148104	-0.018288025896930443	0.00831708492514173
94896	0.007293234437835729	0.049978094896910755	0.04563610708599699
95018	0.008318295623858659	-0.06853687831393337	-0.0034959572323446718
95095	0.006756952485607032	-0.00624372022140607	-0.04742895326564838
95128	0.0354211494530862	-0.03474885247608964	0.0416902657024254
95159	-0.015940739293300345	0.023644994003584323	-0.01987893895501646
95179	-0.035738226691331566	0.01101360883841923	0.016872204641817757
95183	-0.047412323564415375	-0.013015317685128522	-0.037005588617315406
95207	-0.06055055693164111	-0.0038293478293479335	0.025437328222287683
95221	-0.036681271471520345	-0.02457061330028826	0.007820415686826168
95284	-0.017443913683002982	-0.03600985660654822	0.047493135675897385
95341	-0.08158715648918095	0.028760941661546285	-0.024022181550265278
95353	0.0648232921712924	0.01013001299396038	0.0028312950846833443
95410	-0.032595767544548106	-0.02487786742679357	0.012252787237250005
95460	-0.045631747967720536	-0.044993241904063924	0.03668480740449503
95465	0.06599510808366463	-0.005025729258739782	0.05421840261765854
95515	0.026021422298519	0.07188622066071804	-0.016111039222976617
95566	0.02367100458168078	-0.011341923716387302	-0.08617597284676665
95574	-0.027439079457153633	-0.007138401884349726	0.06127033283698101
95673	0.035567775294669	-0.06999090961551653	-0.0063831937293732655
95688	0.010577718658024175	-0.03625642017082837	-0.023513026661925774
95747	-0.04661407871155897	-0.07450506671260951	0.08101729461632418
95901	0.017738954673396392	-0.0346979360324526	0.05277753805872723
95990	0.03938281048335627	9.766349645728959e-05	0.016037378947336492
96163	-0.004575921941071299	-0.019564808273212643	-0.06029367295529731
96165	-0.010034251956844075	-0.012534689424859153	0.0048917479496093895
96243	-0.020508713090979822	-0.010453028893357346	-0.04394095534555702
96259	0.011158955973740085	0.05499254093479878	-0.030098996603035433

Biplot	0	0

Site constraints	0	0
