Eigvals	3
220.8313468569033	157.67021072393726	145.90045591813714

Proportion explained	3
0.5138001984793971	0.2619220862659589	0.2242777152546441

Species	46	3
fun1	24.513868738603975	11.461718039722436	27.737014164594118
fun9	-29.841992292379533	17.507883582224093	-4.57458740620952
fun24	-25.805178392053563	24.57060512455123	36.04683277611639
fun34	16.61062135517197	-21.475675652893145	15.900478419448897
fun58	-1.7933253256739359	16.51042685454842	22.46489718224063
fun64	14.231633511676817	-21.67888365536345	1.17760895008223
fun70	53.47659323149633	-13.33973789221117	-22.838357888406364
fun82	21.163611344280724	-58.32128843316954	16.068813961183785
fun86	48.255017567284476	15.024572397331028	-36.60780785252759
fun112	35.66366345696064	35.288720915623244	9.419450654427404
fun113	20.909331368350347	6.23936919023521	-22.299002853156303
fun117	-39.169278340392765	29.26693887338499	-17.876231593609333
fun141	2.13578940932046	-16.716474086091328	-13.283119728850162
fun153	0.3858999214137169	10.074059114792366	35.59706642618562
fun157	-82.43677384051135	13.87326665738611	2.7933407695039296
fun166	-17.643450671313204	-40.09643013194983	-2.2712839254328703
fun188	-9.26263532328691	-0.027876197660587396	6.408273161878162
fun193	-52.24708294850701	-36.45910725686567	-41.41649345914103
fun212	-6.733789320585597	-0.32396328703169874	-3.0065855097869982
fun218	43.8067924290623	13.67987574402874	24.675379117921917
fun229	12.643077274826183	2.677125270597999	-10.77750403082135
fun231	-73.56135469990916	-6.924589067995289	-30.55487791071944
fun233	17.18195125182689	-5.414556926979247	-12.164928048038327
fun241	39.921205934702975	4.119605599137536	-10.395836574926339
fun248	-9.010710693951278	51.12415487550437	-0.8453790693843141
fun251	-9.941143774939949	26.531252592011985	-13.098999044394677
fun258	-15.616442842808146	41.50506420203156	3.974876522175892
fun260	-17.13353988481909	-19.828237954332753	-8.507421962831334
fun267	36.53971416238191	12.797014664360852	-17.844169250704084
fun271	57.60361985211858	-46.45629188023883	2.7484070607977196
fun272	26.45475937459228	15.760726950047168	-33.936291530855044
fun273	-58.09044244944868	-12.760095705612972	16.218536241451208
fun274	28.50136033401344	0.12302799723680466	24.121500362220996
fun291	6.729174173453193	-16.914593090639855	5.9735821076040665
fun295	7.737880673738934	-3.733865455398246	31.07318238300345
fun325	11.164836800107139	9.263778586651952	-35.08019769458009
fun329	6.958408063387855	-7.708194287945498	31.53983566720684
fun330	17.15139027600766	-7.824436870507196	-27.680055357092872
fun332	-29.830527334387096	-3.17792984389917	-30.00261999214574
fun343	-37.9806868342654	-7.160976241935255	48.525184645281634
fun344	20.077137854747143	-22.19439772091242	11.71303018472133
fun417	16.715858867224952	0.4749195855770452	8.467070765401521
fun542	-36.291222771512565	15.833178495727322	0.40817127657052726
fun558	27.689137519434112	45.75732662684897	1.881159840914948
fun572	-36.20620060863034	-26.217806435170257	-4.468965737936258
fun592	-25.62655639680947	-24.709203864758063	14.597023780616848

Site	641	3
10	-0.0016860124448779316	-0.009409160692708592	0.0019288562773559785
25	0.00016932604205646727	0.025592384679960018	-0.01772851728639439
34	0.033542900757210316	0.05052059663127978	0.08278478629479542
70	-0.036907916041704084	-0.021834499511101634	-0.013199440859556166
121	-0.07105553467347998	0.056277951615489	0.010990389969090738
193	0.07236677099553786	0.019444825763253515	-0.01259089930750026
241	-0.005352074325489753	-0.026978382691358282	0.021380231183908773
254	0.06238910485279264	-0.045812258117900455	0.017188441684091504
261	0.055029373332371935	-0.025727490939730816	-0.055434110103507864
370	-0.02359475062805817	-0.007273715925889039	-0.0005305816191892869
395	-0.00781818270829625	0.00433626118571897	-0.04427066000546696
408	-0.018324567304089556	0.009134185815618385	-0.010318848561698115
436	-0.014525701462297216	0.06030592806155011	0.04232756738745584
521	0.042969533891310294	-0.02684393820026064	-0.0005727884659734901
555	-0.027547517437575827	-0.053361205677457675	-0.05350614134685135
710	0.04778880313623891	0.006888279655399597	-0.040267409824982066
834	-0.05844029747425353	-0.01945014216336909	0.06819931996781327
865	0.018034502147558494	-0.06175042339790281	-0.018525834284559707
916	0.04164732808131242	0.06452056527512447	-0.017835544318032154
956	0.022975302895955122	0.03414684817910401	-0.015969255476093607
965	0.007823309109487997	-0.01184334686789392	0.02798819699648781
1486	0.09415151203098791	-0.01814617807228915	0.06398300141200998
1500	0.02361234772634395	-0.026001917016084935	-0.06436673220516888
1531	-0.04450565309136242	0.033903873427503346	0.03956273784814811
1726	0.03443585843382321	0.004398435726582655	0.053138899350798005
1767	-0.013919873836175288	0.04823296926511487	0.027042964023582
1973	-0.03996524627132749	-0.05664830958876083	-0.04091080633117274
2097	-0.056542680568489115	-0.07536702514757945	0.07026236464334498
2348	-0.04634320081845329	0.061055243251488034	-0.028250150661142025
2480	0.012715949936193962	0.02210901314566561	-0.0029378562800636667
2497	-0.02136118889802799	0.0005293531137684649	0.06694978838876209
2651	0.01277528451647493	-0.03274079430314752	0.04688005720781977
2695	0.026165282094076016	0.020372699285744096	-0.02989479699462239
2715	0.037903214266755844	0.0052918686671443735	-0.03659002604131143
2895	0.006050509109346567	0.011714837669531348	-0.03250793151120053
2904	-0.053575837437835394	0.01626708980594889	-0.02415878886816125
2989	-0.06471120701670088	-0.04213018371798043	-0.046428898521044856
2991	0.0957563509184345	-0.03410226769580182	0.01152346370951585
3066	-0.06852752850253034	0.06905143182314097	0.03700842355273716
3157	-0.009350764318312407	0.0439016851034793	-0.023533595021071347
3334	0.0005371745307995811	-0.0328969200740692	0.017024739938283674
3397	0.14158593559762497	0.005735369389559294	0.008121776364290737
3512	-0.01052213129534506	0.02259524020728924	0.012890672945444999
3524	0.0002994720959682696	0.0346498708746953	-0.03519762109765947
3811	0.018164344746529497	0.014275617178675268	-0.015491497049171939
3821	-0.06699968304467076	-0.01001294700861898	0.007409792617804745
3888	-0.027215414942654472	-0.022300204005527072	0.055037465587316585
3931	-0.04821836033263132	-0.06368948194020986	-0.037811021506335016
4017	0.016014388708746802	-0.005060362467683757	0.02973697057133063
4115	0.04509418674242289	0.027714003282996242	0.01656254213754937
4191	0.02747802288353295	-0.010302626075120022	0.0034367521129658363
5335	-0.0005080372457043824	0.03226940454283084	0.028478053184904394
5367	0.06395565055831282	-0.03175436432570084	0.027262525103650664
5433	-0.01206188712551178	0.03656476707835085	0.008815953766624597
5467	0.026489835549749836	-0.026589143589041346	-0.016971750642374727
5573	0.06559751129175266	-0.01836043482985075	0.010453945021253715
5589	0.03927470641099415	-0.033202060340954735	0.03128237913092194
5695	0.03511381179804985	-0.022722503145631682	-0.015981274377373605
5743	-0.020093854538252378	-0.0026351743312621853	-0.028645569736374204
5748	-0.03538791662975987	-0.025268624236001985	-0.03437864842399847
5760	0.04487091975058468	-0.07107284001926406	0.003312549539602623
5795	-0.0291307193670618	0.01605276834238111	0.06272704022592841
5799	0.031228450346781504	-0.004633517823331896	0.030049991580962214
5875	0.01027506579260666	0.034108576908779616	0.002839735805703408
6005	0.027080378197415256	-0.02565601452341827	-0.02846365855605509
6132	0.036805472407532486	0.0304413834747985	-0.04581068216973713
6343	-0.02919053465415976	0.028611131677887924	-0.0130327758078854
6417	-0.011801477146988669	0.012016202677968926	-0.009826051863087836
6437	0.05224641639184932	-0.008250690776422794	-0.03373224547166751
6589	0.01807575158840173	0.026658956621961796	-0.02079657313200976
6593	0.026176304710444017	0.008837581250026854	-0.0270970676159611
6672	0.05029406255874714	0.04107333473940028	0.006856997702553372
6688	0.06305320356765887	-0.04848407126711268	0.00012295366346713212
6762	-0.03821805269558612	0.0060753131566935875	0.1087408370687522
6946	-0.038468133140094486	-0.045942422907219345	-0.011705918110595535
6966	-0.02714272264697973	0.01436829472995627	-0.0830432495797798
7151	-0.028958658525949726	0.010119048684398032	-0.041409812284694376
34494	-0.006611678792008625	0.03263321290261152	0.040259751339028454
34532	0.011468898505358012	0.02078375130325879	0.032437083678233954
35345	-0.004314342294981623	-0.06106853669072513	-0.06811073936686017
35349	-0.0049185288237358115	0.0031842863490228624	-0.017705704857740544
35456	0.005556970291250386	0.025257454759226496	0.0030733771363194323
35882	0.07711794531342041	-0.0022495695028343417	-0.02309516287911429
36051	0.009340067047334377	0.039362734034699434	0.04585903035160572
36254	0.07118841324844859	0.019770396592995756	-0.04551026187129244
36255	-0.01919390696011065	0.015187410250801054	0.025421860549006404
36672	0.0029888350922056893	-0.03501240012665571	0.04497825611612393
36736	-0.054482432680149157	-0.016490377059385834	-0.010179533315761935
40386	-0.037212968240994265	0.03204941155975006	0.03559875406667204
40995	-0.008671118418181044	0.04966496710147468	0.03736286522232543
41041	0.030354509027739705	0.06119325437823615	0.013771771102848818
41163	0.02141269650542944	-0.03241575420202052	-0.010615492054350258
41556	-0.0036323036798802176	-0.0017273209677648466	-0.0708414860900971
41670	0.017850179732406834	-0.017344611675562283	-0.009169949637118329
41821	0.043296953610958304	0.036311588470451774	-0.01257240757055122
43187	0.0034382456883648247	0.05364021712101588	0.03216467399640118
43218	0.038565331858157956	-0.04613753478534377	-0.0884711160473735
43266	0.024307368637543108	-0.02901444737152754	0.005975572782578609
43307	0.04607179234219227	0.015249600313071642	-0.044229895233386246
43323	0.014682176421674468	0.04902273232379226	0.040073491088376954
43332	-0.04085298481028394	0.0032098357384896335	0.036106326126749536
43411	0.050076247836755516	0.0021455712743171473	0.01821289540041246
43412	0.030754454833615812	-0.009596631329203024	0.0002401259030746784
43454	-0.02218134633717428	-0.0040902271088791445	-0.04719401068239129
43908	0.018490763480585353	0.025707121805924597	-0.02346778138405588
44006	-0.01501164418330484	-0.07049181301330572	0.05646396273615334
44457	-0.021616086159699226	-0.07680218727691997	-0.005524084933194165
44712	0.03329618343992679	0.011784781249434365	0.04675497072075758
44981	0.06476065012455992	0.019014244627190934	0.03678311220740592
45090	0.005363117398165042	-0.027247954746965904	-0.008433414311083619
45411	0.01891779380657533	0.010752765060881696	0.008534562654064623
45918	0.039557906673145536	0.010348332620641625	-0.00045729622243272794
48363	-0.0011687585353418288	-0.06954040920556952	0.009760161813727517
53252	0.07055474105198072	0.02344840776525426	-0.00453768171055441
53346	-0.009396814392952618	-0.01235756731127534	0.02698175757181317
53584	0.042724022602476264	0.04073505908850814	0.07146210555743879
53616	-0.07347167460916904	-0.0293255246547388	-0.032614731848644475
53854	-0.041827762205140964	-0.016549805594190073	-0.037730402893637875
53860	0.027692217699737235	0.008701466175899918	0.02795471721912745
57681	0.04536246898987152	0.018151508307457175	-0.014876004267652941
57927	-0.02916038871264105	0.05791394599330419	0.0371814782050299
57977	-0.026281797640672223	-0.004376256565182314	0.0032977815367419452
58028	0.0049241555888671655	0.00575680422010456	-0.02955467487626244
58055	0.015158544433163234	0.04076433229250453	0.01610291865612952
58069	0.0229213751842628	-0.04455979123897299	-0.010324214407974085
58084	0.03505504369506244	-0.02365200092414661	0.00831204087649035
58122	0.01912203753174382	0.002964034374654603	-0.03349178830715696
58161	0.0038584630077202206	0.02510415540339767	-0.07958220869405523
58179	-0.04095685461039197	-0.057893109998021726	-0.040913062415971445
58191	-0.018139844944728565	0.03171678423028397	-0.015184351443254678
58208	-0.005579545348856672	0.07265482324544395	-0.08117199702897146
58262	-0.08074937571174128	0.032450048370802224	0.01511002544805763
58332	0.06332282035188479	0.015750768790670052	0.01244797856017637
58335	-0.007814025131575775	-0.009224945295251632	0.05807475480487753
58362	0.039635491378101434	0.05800459979046423	0.06771968151107595
58386	-0.02559129757206272	0.04976386927041236	0.03752225223063365
58392	0.08307054840768491	-0.011285107355690232	-0.04639027013400789
58401	-0.009048551653789745	-0.027041596152780636	-0.060675130687258425
58409	0.034042385574226	-0.02629401742471969	0.030707092663014877
58414	-0.03461792066792173	-0.0434398028253716	0.028833444752861013
58415	-0.016885037160230012	0.012671499399540572	0.053406628897650264
58518	-0.06418222031349216	0.02269138476672813	0.027028422035073774
58540	-0.05507352958770489	0.016105561748459573	0.021247033681479458
59322	0.029280210688461077	0.04416860831042164	0.007995517718352035
59330	0.0014484083573058182	-0.018263102991127232	0.06098021408690814
59339	0.0673475192927792	0.022137038677391394	0.0010179063838347156
59340	0.02365869414791808	-0.024389478908029418	-0.05528295030013357
59439	-0.0005132436368052245	0.03888501161972332	0.07826062192550985
59471	0.007502822719762069	0.013291632950709023	-0.00809114258748285
59537	0.011005151714185365	0.06574689450448988	0.0073331203752844114
59602	-0.1014265601069109	0.022750146943635825	-0.03659179205425879
59628	-0.03395490999870473	0.086155725616701	0.062287266712171004
59701	-0.054857675386651615	-0.06434167486728391	-0.04876970969389842
59833	0.010961716240642736	-0.007925668324132483	-0.006292567567903237
59898	0.0036826328408285994	-0.11681942182236069	-0.00022299297332498364
60064	-0.007694421749775927	0.03296520771840355	0.012466253000704674
60169	-0.009292941463077188	0.012379221691163135	0.0355904523603492
60287	0.04741191312316964	-0.0713666273517848	-0.029610806733199962
60345	0.0431290670671841	-0.05449835447503902	0.09051077060803932
60616	-0.017767239869791607	-0.002597898177458249	0.03514242269731893
60804	-0.01688339584478282	-0.012103551350944538	0.03253374663280622
61169	-0.03147771531840787	-0.025314135073284692	0.03933629661777363
61675	-0.023720090669112553	0.028184761937462912	-0.03237437112208113
61691	0.01653762010299794	-0.010561713766341022	0.023591987433128826
61692	0.035632947475819236	0.011382496693963701	-0.059274350439796016
61693	0.03770736441808662	-0.04377720356205504	-0.04387092580739405
61702	0.0011361456960244523	0.0013992632027708639	0.008844731009329587
61705	-0.09703122235332982	0.006126891589442984	-0.00863665989594319
61710	0.06978045917632479	-0.039886028232475314	0.04468778179374991
61711	0.03605550519213294	-0.006111568201532926	0.040546782645927884
61716	0.018311896333871543	0.03729084328404466	0.0775657029442016
61861	0.023253746797178284	-0.02295054014695175	-0.0030334423164808414
61937	-0.03439888228428025	0.029527010171988725	-0.02092682319712273
62004	-0.03323361393685352	-0.07258310175764975	0.007064328312386008
62015	0.022540068464540527	-0.008555561320582147	-0.0034312631658769753
62019	-0.014967601376336919	0.03502757119896205	0.042994616093817044
62022	-0.016103482148821492	0.04622385294542471	0.0016134514808894315
62038	-0.02606230372800902	0.06896327743350951	-0.0030024130428077506
62048	-0.0005404953393285605	0.03307414600503864	-0.05842418873578932
62056	-0.035831457086779685	-0.0015362892166362867	0.042207925147222054
62057	-0.02432465697261788	0.057383084750299095	-0.038632271713475906
62113	0.010734499929795626	-0.01676301326551645	-0.0045092500206783325
62261	-0.01226135186289868	0.03376716954659128	0.011076108810265089
62270	0.03572016180207673	-0.010667616419762516	-0.015255455207581353
62271	0.004804301360232753	-0.007335001942694666	-0.034562818091162226
62272	-0.00257160411372743	0.023131395127850948	0.05369873214726659
62275	-0.030455739865850165	-0.005601327590532636	0.008766483041357444
62278	-0.0480096234204692	-0.02981884726429621	-0.03037866669467813
62281	0.05315554365415812	-0.0701534330265304	-0.06312008364414397
62284	-0.0068101731571672845	0.008579960078926693	-0.021394546081804838
62286	-0.013299037815997504	0.010890947493879264	0.021286797759920022
62315	0.038121859235866175	-0.063765195926501	0.06867270078260039
62316	-0.023530043366938147	0.0627027374535412	-0.04642140753352365
62318	-0.059501610007107415	-0.02813901725986548	0.029133172695064907
62328	-0.039806877624688555	0.02558559007478614	0.005932632138812788
62336	0.0009305520306000381	-0.005415796118603935	0.057322156615697034
62343	0.008411593998640197	-0.03311936261583817	0.018024362848748667
62388	-0.040071656966277645	0.015026147925503986	-0.06936665432225696
62407	0.037467965839450584	0.032868739659289284	0.06596719167546622
62408	0.009024911371430678	-0.018011642399975467	-0.03237293227008661
62464	0.0008281361842017266	0.11226202600005583	0.02897089695363698
62494	-0.03427747853601229	-0.034136173304306086	0.01835662276626549
62554	-0.051563422896080444	0.015942907018730246	0.02666820758395559
62619	-0.03331852974095568	0.0014510867031186357	-0.039383665248568546
62744	-0.050647935979320366	-0.041731370302390054	0.03206273758251439
62785	0.03282294012662796	-0.0192176588739173	0.018136099406223224
62803	0.015819581153843222	-0.020987015132290857	-0.025275657881923472
62859	0.021326568861680602	0.036057050910449064	0.06416832129926736
62905	-0.02976218091869219	0.041069947035306115	-0.04300623944343944
62926	-0.04797210861734282	-0.03182765870302772	0.03117508315700158
63100	-0.07222395463151726	-0.02010118911581377	0.06811802260669615
63104	-0.015783508931893998	0.03658381419115932	-0.013628310034571992
63425	-0.012481895762159584	-0.007158947134175651	-0.07727050296950104
63617	-0.08019127530585454	-0.0038168955994383803	-0.010254542210351868
63646	0.054586481349859176	0.013806336037639994	-0.000725465746400324
63699	-0.005464955481876376	-0.04357301696449489	-0.03317956845712862
63705	-0.014964884059678586	0.041108336032640636	-0.08819332247221254
63727	0.009944345712036591	0.007495245340703814	0.007256869422785941
63788	-0.0318581338462041	0.0006803024302095572	0.0298716225259114
63913	0.0006229157530555326	-0.005621438349470815	-0.017881574286476475
63919	-0.026824830500737327	0.01723731465814739	0.06684922385538672
63967	0.04873656782024232	-0.040747781489671	0.028517086437061443
64078	-0.014768411256150126	0.015932545290359028	0.05719855767499378
64348	-0.039718685774354785	-0.0836374395063197	-0.02500847886225532
64442	0.04988095551320328	-0.005684292762859028	-0.10998050242954943
64513	-0.01704550755261043	0.04244087183803711	-0.01725287868675986
64569	0.0005745824479534185	0.04425406019341449	-0.0018328561641813505
64605	0.0210198834779004	-0.009976914718218747	-0.08264424791311846
64754	-0.0009268194603298447	0.03858450052367036	-0.03540504791297035
65531	0.021227222077154613	-0.020291187570723495	-0.015387263443080619
65540	0.020652741693071738	0.006028977300176772	0.016812914067884408
65561	0.015726099070741652	-0.04197709642706437	-0.022842350834248824
65619	0.03536356628480482	-0.0375934191625613	0.0175205838166193
65659	-0.02528615662310315	-0.005194596470371369	-0.06470125284018202
65718	-0.04888404876834084	0.017999683450459547	-0.012537995432202962
65728	-0.029455670424020555	-0.07301598415886562	0.06332764504003607
65738	0.011926705592140674	0.05823570246126607	0.047044544867483266
65756	-0.06662744302443095	0.09323951111521443	0.061967318216439055
65951	-0.01704194960319217	-0.021434779042276864	-0.03656167084710504
66028	0.011841096951536826	-0.016767274828936116	-0.005719269243245399
66097	0.0005244681161131542	-0.0010323761621218869	-0.04458278932236581
66142	0.045993694958671574	-0.048532128537594366	0.040160010925854035
66157	-0.012909341313088105	0.08732301338933136	-0.01984590976577794
66217	0.0018555593341597393	-0.006888592940850055	-0.033491122443102816
66242	0.04248880046527355	0.049482519880399846	0.04420424157217138
66417	-0.05454049750013386	0.10284040891235698	-0.050283947164467595
66571	0.031094713854836916	-0.01901637342945876	-0.006478846161186985
66612	-0.06634112255304449	-0.021811643467817866	0.01670103266922251
66652	-0.03937412818517278	-0.04107867576963748	-0.06363441918446675
66654	0.01210772112913037	0.03348069028312062	-0.022670283155880204
66700	-0.018985198327739344	0.0329845624278812	0.0051102127309741495
66747	0.005802224740122753	0.0027254930496426566	-0.03548209613580814
66774	-0.07817211197553849	0.0014227726653214705	0.0027754707619795493
66970	0.08264057470402511	0.053150522511024964	0.050279666012136244
67000	-0.005463791773524072	0.02342330879571862	-0.03230965359819243
67006	-0.00476792066206154	0.051726240285801556	-0.060343621603546324
67093	-0.007315382813945402	-0.011199667871673678	0.005441240819918862
67111	-0.018359261863125663	0.04189769213191813	-0.01164293127291735
67112	0.018826485410390847	-0.005866771636488962	0.007637276930758341
67128	0.02633891658654674	0.05241379615477502	-0.03387155397664532
67242	-0.005377205394551806	0.031035520512196664	0.003717967828746237
67413	-0.004058167863709212	-0.00036441822281267774	-0.029270874373150638
67420	0.019767052149271852	0.010951999826680478	0.003317477591483578
67423	-0.026847480288372052	0.030563208819274833	-0.09347361714773744
67475	0.004092531705718	-0.05173451872763275	-0.02969619657211899
67478	0.011248340944523913	0.0061839896819324515	0.06951217768832209
67547	0.014552074558544393	0.06141940490292031	0.0071590028449598
67551	0.008324977051006389	0.029762657844618005	0.007811777678938302
67610	-0.034126450072045296	0.031421424464504195	0.08027602588299712
67754	-0.06240032475767466	-0.010069050312112216	0.05780902303953296
67924	0.014655246777364704	0.02416128441732306	-0.03465407379051457
67982	0.018706920725658768	0.005869714489266502	-0.015951553597818698
67997	-0.026359445822636978	0.020483798883418593	-0.021258401993476762
68011	0.028911988906539142	-0.025742204749151395	0.01280981257063017
68024	0.06356212948509751	0.019346533800196023	-0.03616509224090442
68076	-0.009321184310910904	0.03525510939378518	-0.04003947358917489
68089	-0.06697788409032879	0.08075796760829651	-0.004076376091873105
68230	0.03500094713362784	0.03071958647218026	-0.015469980752396488
68291	-0.031486539238090264	-0.07995729855464499	0.02217693837694355
68313	0.03836309255209624	0.07162341667336285	-0.09390059433201511
68411	-0.0010962447364208847	-0.05381435342379545	-0.0050828866868529434
68596	0.043971555665925394	-0.017877613767452956	0.0429957651951193
68637	-0.02825716051838385	-0.02044331519723899	-0.031888333391966804
68666	-0.0494976862183413	0.11742648691715885	0.04878095696144957
68705	-0.051985530700962346	-0.021272457670384885	0.05827215492691232
68833	0.0449860900579099	0.03164147940553752	0.04264595345761326
68854	0.009154328879877622	-0.04098116654003588	0.04055862551211794
68865	0.019906589811991154	-0.03506563111558312	-0.001524703600720459
68979	0.04619494631899703	0.015060049990809352	-0.0460646723704056
68995	0.03428850367952262	0.02095787272603129	-0.04723416600775873
69002	0.045998723296850286	0.00802125011382055	0.04303399867717335
69014	0.08743232441357693	-0.04000246853921014	0.08414492471970901
69125	-0.011652880644727623	0.003469303009473976	-0.04003606549778517
69152	0.0013666431320431079	0.01464736605214567	-0.00983108357157476
69167	0.03357909264388427	-0.007284250892793757	-0.03075392235439761
69289	0.06900731550898523	0.01822090023908273	0.004987953345975907
69304	0.0030318726381096516	0.008193705952495512	-0.0687190900977024
69312	0.003338410920950793	0.07182683344988981	-0.07070900215497947
69322	0.009012313662253997	0.006979029625072741	0.009693774256958939
69325	0.0015906969817261313	0.04205636334653277	-0.0561690136219014
69350	-0.02190853490464268	-0.09823160844340771	0.03927654269059957
69354	-0.018319162391877447	-0.07229732139668298	0.05443067115576138
69433	-0.034337164848166145	-0.0496385935212442	0.02062079398039515
69440	-0.022471994951703978	0.00869466582229769	0.03682661991944264
69512	0.018303779147413057	-0.06315371260179808	-0.0030161665335234323
69559	-0.022346951016155372	0.07474570463361331	-0.09692794545803345
69577	0.06488797493164254	-0.0436165204884692	-0.03224086618186839
69627	-0.008495953616180689	0.03942362375591483	0.02411151964883672
69638	-0.018140782918235173	-0.018958116638197933	0.04637057492010868
69686	-0.06755571325800554	0.014011793799636409	0.005414137482074142
69739	0.028363054236378436	0.05470692278284058	0.008315667359466306
69744	-0.015047434041521488	0.017607412879052698	-0.007529168693173364
69897	-0.005658312739067658	0.045019471830716286	-0.00982126610769316
69898	0.02514960137100521	-0.05521536633495896	-0.01652308225779406
70068	0.004281810482325796	0.002647630946123608	0.011423015901013243
70218	0.022950233355479743	-0.03592183818350265	0.01239883648571908
70260	-0.017338960538007077	0.0905828208767829	0.05452471541022918
70323	0.0040164880351152695	-0.026722744798278762	0.010172361727357918
70333	0.06232811628552353	-0.004963813914350814	-0.03718032564871526
70430	-0.04745081924623507	-0.025667990488229053	-0.023235584396185595
70527	-0.024063591837101432	0.04661810320274674	-0.061112753633310854
70670	-0.0256386990615396	-0.03183596358933248	0.05666754246510752
70682	-0.04960773564799362	-0.05035339258049596	-0.004881255684297511
70795	0.054574931555706446	-0.036493072319796024	0.006449005165632813
70801	0.05583434538154596	-0.028620805478163702	0.03670755069614343
70848	-0.04065969592688375	-0.02234529463720258	-0.006662084288696761
70912	0.06172302351306646	-0.05363631003744444	-0.019312733891814468
70914	0.057612983577167216	0.004342046422346559	-0.04424370123125467
70915	0.04454229176927101	-0.024108766829664684	0.0037039493163502383
70959	0.020340783848081124	0.030031091737936395	-0.049305251498274826
71040	0.03093106915903247	0.01208547055442482	-0.017850475323250636
71051	0.054294245056882705	0.00215470794307815	-0.024006111851242642
71070	0.06736689582643629	-0.006948429377010747	-0.00741209270010121
71091	0.055960840714405824	-0.00402808480529908	-0.015186126237122037
71103	0.01200727193919697	-0.0028364772519948235	-0.007940242188677137
71166	0.02807459066227074	-0.004875076320927184	-0.048321703513928005
71174	-0.04838776975443252	-0.02664319078530011	-0.01782229368087588
71191	-0.0026494510542917978	0.0004306056818933924	-0.019889571839014956
71373	-0.0019981045937721067	-0.014676106231218022	0.00494497622479356
71431	0.005686964511888628	-0.04171331170504845	0.0726268951736324
71528	-0.005032365088548895	0.014956546534205164	0.017025579358637088
71536	0.04240793404626404	0.026467265109691364	0.00916780483421012
71585	0.03807703383866171	0.027435900860208057	0.006676689873073335
71590	-0.08874666349383183	-0.05969961915820209	0.07950232592006849
71777	-0.035154006732177084	0.00255088466233797	-0.05329614041907125
71780	-0.0066527186307051124	-0.11252243271543881	0.003843420367948211
71788	0.05891882417615993	-0.026302338704143075	-0.033034458394866635
71870	-0.030280247226479425	0.015601479547144281	0.025740267217552827
71906	0.010911351474035822	0.0722518646749244	0.07674763688837238
71987	0.051032302347205696	0.07437149553132605	0.03275999788673967
71994	-0.003817687435193688	0.016511797771152244	-0.017437089611132724
72156	-0.06775677974690625	0.0036794990310171295	-0.03182633486790185
72199	0.02063042767187029	-0.012177291503089598	0.03381299156355902
72331	0.0013469893838759797	0.01872353984004347	0.03277002878581478
72346	0.019256179817777677	-0.01160533054424724	-0.052274111543810245
72381	0.031057518577840785	-0.039133411006295075	0.07935527819424468
72427	0.017326811605813147	-0.06570430277487133	0.03588007652749493
72518	-0.027182154637781095	0.01131450874149201	0.04442853138149502
72519	0.019787035640319705	-0.0685366591427196	0.02640525714365332
72532	-0.014233297194132804	-0.0034606606352660806	-0.037834663611212536
72556	-0.05497149276984343	0.016427115149982355	0.07653951138728919
72683	0.029171716801747596	0.029720541671023632	-0.05435503695322703
72704	0.01419398724253936	0.012019699666265147	-0.017384687318822305
72789	-0.005977811570475779	-0.05155888436903348	-0.030431405761936807
72840	-0.07090711054950775	-0.02306932927295261	0.018607574851141208
72843	0.07329475927591932	0.08664350871243451	0.017937360580155028
72848	-0.0011001266031938687	-0.04380783222619146	-0.08504315214704324
73021	-0.018225774390782608	0.019092605907371357	-0.04104023490052806
73172	-0.0030833836263392165	-0.07008087792585402	-0.05520856705796389
73200	-0.04217413686242343	0.001707579789807331	-0.04457367377781494
73226	-0.02348317789043714	-0.05994968188690239	0.05849894537797486
73283	-0.01580554650673728	0.08150521215254497	0.058918923123078
73366	-0.044363904337636643	0.06829570602379133	0.02455976521068767
73406	-0.03411947485346939	-0.02076794271470805	0.0774806483079967
73422	0.08341916765481458	-0.031282558080315014	-0.007512478010461501
73424	-0.048081791779097126	0.02655753503063694	0.03344282879887153
73480	-0.06058475187527794	-0.018704622460455976	-0.049795763426681426
73489	0.007093986811391236	-0.03264639140239285	0.023316541588370467
73498	0.02865736790762304	0.005093150144316409	-0.046919367232432514
73499	-0.08374835617315296	-0.0029469201529735626	-0.026553964073602526
73506	0.0007551824792020466	-0.006156284213780939	-0.027227486585389597
73510	-0.004209329982599641	0.012530873259709018	-0.0012418660730209852
73832	0.0059736844230361625	-0.029968816290110774	0.0033278416885595217
73923	-0.11409776382643178	0.046419933986439406	-0.0276700701870351
74032	-0.001009182331992516	0.07361690815019488	-0.0621441592951433
74801	0.025242885698129654	-0.054803524956336794	-0.05450617141808854
74917	-0.056194051397703525	0.03260881266092258	0.0058658573295140935
74936	0.04981044869058565	-0.025318990246621275	0.034515485947902436
75330	0.04510288698162487	-0.00928932177004425	-0.025055777720842214
75446	0.010570512272469962	-0.029054726100649683	-0.0029923065914020204
75537	-0.039037673327775566	-0.025843880409627564	0.015530306924271162
84073	0.01473768540763807	0.03853932524147713	0.06669296535535885
84469	-0.04237224466349401	0.013534799608627532	-0.010774646228536657
85231	-0.024266962567481877	-0.04115736764939949	-0.011550738739065066
85232	-0.04053349618358759	0.003027472989303604	-0.04708228869508656
85233	-0.013805756230635085	-0.011433249057781415	0.006573646544126175
85240	0.015591158255970844	-0.01772647625495835	-0.03513466073558178
85259	-0.0675223919337144	-0.041798193377355755	-0.04294008786132361
85267	0.04245017186877841	-0.012508144549224517	0.04547502286876308
85274	0.015747270703007504	-0.01779380155464953	0.01276265662637578
85289	0.003757370250499023	0.0019312528453947252	-0.03490439563977126
85346	-0.0400377220635847	-0.07074174327829902	-0.016171873255439093
85390	-0.010911873230564242	-0.004523425273320764	-0.0357009137989058
85483	-0.02068212723291893	-0.008656680179463855	0.04197947340157798
85543	-0.025363800710020284	-0.09120180830183677	0.05368409918601682
85578	-0.07533651819351721	-0.017164749509287373	-0.005111059549743419
85618	0.05330851123836488	0.014839894976269996	0.0771315663654426
85619	0.041803755674634714	0.016516714050405546	0.001438895059225458
85637	0.0032582266570551164	-0.04472940639343918	-0.01650147218144824
85713	0.0017250941161586748	0.038271370855645116	0.06512575521788344
85714	0.057559165964812746	0.042183913656422975	0.042679893695957705
85716	0.028959002167862895	-0.022812674205358797	-0.01934797987025519
85739	-0.006796010478016453	0.02431053275001601	-0.02706126567846007
85744	0.04999967806771556	-0.041992686105155747	0.07181275475069819
85773	-0.06471310452794533	0.07688842004917466	-0.021604643815076305
85782	-0.06249482393775614	0.01758506163459288	0.019468506683450515
85916	-0.016821214064646907	0.01661697993222432	-0.01112951211950498
85920	-0.008073607901689943	-0.024655729527095605	-0.0003386598245860348
86188	-0.027925622284867575	-0.04036246243579747	-0.05043803098950092
86208	-0.033823630618494145	-0.0005945700605926532	-0.07232893101883525
86223	0.00015048757386080643	0.012569626211814346	-0.02549440334077097
86236	-0.08475512366554133	-0.01657521103830119	-0.0028741536249393537
86262	0.041986817043624836	-0.0031140249755079257	-0.026205906173388003
86263	-0.02725531074557745	0.009346713138849232	-0.013028212427528165
86334	-0.03099790053945148	0.00679915817550274	0.05376629946932819
86341	0.0064165520994512925	0.035642009887798344	-0.0726745728568973
86342	-0.1397258840795217	0.015078033468535137	0.04257224272476774
86390	0.0016914097366041705	0.05816018064702099	0.07826577112345275
86412	-0.014447761282020709	0.0037861043526219817	0.012893273140192127
86450	-0.037228164180997995	0.004529399112017364	-0.0062129506868246935
86464	0.01281229808232486	0.008735856659471977	-0.054095138955107216
86472	-0.08798949317201855	-0.011502268174495758	-0.03242462011077836
86478	0.07502394034653044	-0.03492227777706001	0.055377590700911916
86479	-0.048706237160168864	-0.053516479786415834	-0.024345707597614553
86486	-0.016270418922949535	0.03748647912338583	0.0028880477819217426
86489	0.03837188548645492	0.07632925633963507	0.0365144494186071
86525	-0.060411896077348766	-0.04639349552204974	-0.013354024129344846
86545	-0.07822186536139901	-0.05703242942479364	0.04293233900318625
86592	0.016409488338728226	-0.028632767308992894	0.030816525191967273
86625	-0.021105715007974982	-0.016332596005725588	0.05188205261509203
86645	0.07526541356586974	0.0018310497541332122	-0.024030342064406924
86656	-0.035068436661291405	-0.03511233220179075	-0.006823666979272081
86659	0.021414059247572444	-0.1167018262075054	0.03773636625961197
86666	0.0252825041615936	0.037018075840676096	-0.014136634672069224
86753	0.01189949239645645	-0.006372325871753411	-0.03318361488764772
86766	0.020257629624791038	-0.06253608694272	0.0528447144251397
86791	-0.036320865186765985	0.03812908178291374	0.00275677678582522
86803	0.016867892303837683	0.06686432388269538	0.022871688175555835
86873	0.022579430846284807	0.009289059802013352	-0.02303371736139076
86915	-0.02342015341915749	0.041173435955585175	0.01721666824344451
86949	0.01676871938292565	0.041590437606704354	0.0445797894916838
86951	-0.004506394076235652	0.01465511266196812	-0.006936262762959545
86953	-0.027013925867792738	0.060700358922073094	0.030752470733472016
86966	-0.03816716785899504	0.019286507026546818	0.02280753154401099
87001	-0.020768900227733568	0.027356214106526756	-0.0594146183434994
87013	0.02618166164249957	0.059279206723078896	-0.023125359984970877
87123	0.013026415786625835	0.0019495894308425923	-0.032875757441612856
87135	-0.01969044070246669	-0.026624005869189088	-0.02096380663962723
87163	0.05270892086514291	0.08247583124606037	0.016406821861463368
87182	0.04359991997212885	0.029243295680373826	-0.023554393450720097
87286	0.004011804025808325	-0.002570037171173833	-0.010080404224765202
87291	-0.04500510442960961	-0.040895998518413454	0.03302124192204884
87294	-0.004899341109338093	-0.011772282133074567	0.005133595286391215
87295	-0.013543622503398045	4.262204303818927e-05	0.009109342127009703
87299	0.03753549497249471	0.04205222352585913	-0.03344150542697901
87316	-0.030914198603353857	-0.014840958536157092	0.04896975026449787
87332	0.008984450386661931	0.009808223846887015	0.036521187332631586
87337	0.013718264791726456	0.032044915241846876	-0.06638433896762236
87338	-0.002183290808107331	-0.06582717610308254	0.00669491129317728
87362	0.005617319884832718	0.03253704910376201	0.010955890339849408
87368	0.10090934928467889	-0.04935062672104877	0.04376127098023666
87374	-0.028335188607068178	0.018059358698601785	-0.023131540882553838
87376	0.006458461839077177	-0.022821355473771475	-0.029684157422499573
87393	-0.036008403503434094	-0.0038778488858670335	0.015189210528483396
87394	0.06748254074190045	-0.044189958506884945	0.017276777225628124
87429	0.0067901185388206785	-0.03353675944364715	-0.04996134998333962
87444	-0.03649447800151486	0.021682328163643867	0.0645069836105891
87473	0.05403320159587108	-0.008795065661208279	0.04211033340536303
87488	0.013976390904466427	0.022905271209409328	-0.014854808042986407
87519	0.023072564371635605	0.013662845893938156	-0.02016730677932332
87569	-0.0255090320804974	-0.039307800406134956	-0.001539931277514874
87620	-0.03389323391825459	-0.012476379214990339	0.019857565236584166
87634	0.03120445342926413	0.03721792619940929	-0.0308239535151778
87635	0.02769785632729542	-0.04822149367991035	-0.037207357615605195
87786	0.053843951082297066	-0.005266684511661053	-0.1010021490803
87846	0.03869042522296876	-0.01242250283986033	0.03221047977859504
87854	0.016175945609778114	0.07327286855920193	-0.021575243010828263
87856	-0.06510034768402803	-0.002658738206323761	-0.01946229447369015
87870	0.010789134540110776	0.0236886266910139	-0.09017628459317245
87905	-0.005329445198890731	0.020984740702594228	0.08388902993198649
87975	0.017911173161268366	0.017203361938133682	-0.006297058955653295
88013	0.07709651208048653	-0.003315904722953454	0.028870363471856317
88066	0.011682875883878723	-0.05294838770042192	0.01877760169947891
88174	-0.039348506368185904	0.007935498368664829	-0.021326645319539556
88199	-0.021365071622255732	-0.11142049078664618	-0.040850129346838376
88200	-0.018282241876011192	0.016263769344972024	-0.0013948913831676431
88215	-0.055477028593121085	0.009568040011572647	-0.00951416986011042
88285	-0.036494888499609496	0.029704239566074837	0.014267030877078923
88296	0.024039337658955585	0.03963849897203132	0.06616113621860437
88359	-0.03170698239091116	0.044811209651552504	-0.05430446086331393
88396	-0.015230555543698626	0.019703014791692855	0.018385125880856425
88425	-0.022535778492942922	-0.04809846030135773	0.02444401784927312
88487	0.004725329192477882	-0.049376770786024614	0.04773701632824326
88500	0.0567251316294465	-0.020210172153731467	-0.012229529194400719
88518	0.06395329572001833	0.017168413270973307	0.0337225041344367
88528	0.012827593961591721	-0.05205669883736174	-0.008178511935861589
88667	0.0339832108645282	0.03717327156968834	0.006939830863305856
88739	-0.05073373608384838	-0.024866080737890015	0.01764408153430227
88773	0.024746171709513303	-0.006406161979504728	-0.07490803219126378
88776	0.0011702392359304633	-0.039476069339373344	0.02197150583815881
88916	0.033984136126014974	0.001949697668115404	0.014585280969858618
88933	0.015289957327172777	0.03485935447063752	0.06432423898390845
88955	0.010025603576860232	-0.01925274418599596	-0.035534834321871316
88957	0.04321748139114405	-0.011480686098848924	0.023780492082826024
89006	0.014241337192623061	0.02877898733318571	-0.007546416342976934
89072	-0.04368309061074569	-0.05230360380347407	-0.056966126893004766
89079	0.07627326027234783	0.050127958915870345	0.03460141479264518
89083	0.11185982945561687	0.006019662279088562	0.02478803815278573
89104	-0.022940326172140937	-0.01085403860642566	0.060891733277645875
89267	-0.07445824914970096	-0.0014999962024867192	0.012844079686630703
89288	0.03015408700762515	-0.016708201831606248	-0.01585831273382483
89290	-0.060140173624332154	0.021461809262481136	-0.06040604876647302
89363	-0.023597748229520606	-0.07273020912381822	0.029740032747781694
89376	-0.054982078506553594	-0.012255286194307458	0.055291018801030246
89394	-0.017974245860203117	0.01809494141458975	0.07007748234609755
89425	0.0029868474674172585	-0.032579781684274355	-0.06840344444764052
89440	-0.0207109053922751	0.0046205994609253	0.050556406794442225
89460	-0.05058400803618728	-0.03221278656830893	0.011938656616464935
89467	0.030447521015921856	0.061438353545071836	0.0040606311013932205
89551	0.028360752275342276	0.04570591648713316	-0.06080287966808131
89583	-0.04670262813010808	-0.04132155171783673	-0.0069325233728326115
89632	-0.014918893424277517	0.05066727679828114	0.07453326320370302
89730	0.017843353265825392	0.04961881198775752	-0.02414001125501236
89740	0.007141936338626548	-0.005005345420366065	-0.047511085441818875
89793	-0.03535899689045058	-0.014595915581650241	-0.009799215385530566
89812	-0.009808843465721695	-0.04069516859265594	-0.005799280772472471
89814	-0.022249622995534245	0.03187353796152827	-0.013154515084172301
89863	0.045902464199533505	-0.026221781791497666	0.057069991593451726
89972	-0.09304984545879434	0.0007982015670512554	-0.012138511184074031
89978	0.05254638806091317	0.01361790252373499	-0.059931155740461525
90002	-0.04162027237939293	0.05783377042560501	0.04398743262623862
90005	-0.035500382841324334	-0.05379598962655188	-0.029705108845445916
90039	-0.0532950993566956	-0.06743156080879455	0.005714821825059565
90176	0.04966594523411062	0.009241831368684898	-0.01794162631936533
90206	-0.001636590208984578	0.009561040946310826	-0.03815967083951408
90386	0.006167087289669872	-0.0074205779903751025	0.05833663375972485
90396	-0.0418548664433902	-0.055936953505051915	-0.020477954058164004
90426	-0.0006016532508652226	0.052294310460331665	0.08495849581140719
90500	-0.08647001089319367	0.022574404517747258	0.0441009985915312
90534	-0.03661217200642374	-0.005554791692514563	0.0012476730753576124
90633	-0.013734912568269995	-0.015069223541675161	-0.07761238739610149
90787	0.08252914838793132	0.05370925974133656	-0.08745806972160715
90795	-0.029316520694140924	-0.0072120756679811574	0.02683131629202242
90835	-0.10177039073351998	0.0017951443413804706	-0.01049057276383061
90850	0.00045523545146119836	0.01269528843855722	-0.05652633557738514
90864	0.0103101459841684	-0.007526193152604285	0.014570942845579185
90917	0.02781162428546655	0.01594408868904804	-0.023757749413897942
90954	-0.06238690018785468	0.02424207233459216	0.040800637918747745
91018	0.05184593118657296	0.01258248868164923	0.0047681139431959875
91118	0.018112744876589565	0.003396611226027544	-0.08105265704118363
91287	0.0007469332456957185	0.07824582069041128	-0.01388850888943689
91337	-0.019490167114929555	0.014233559675131744	0.028018994593548466
91362	0.09120457271219826	0.027254808566607544	-0.014726716869309863
91473	-0.026534581903136487	-0.03967608602423264	-0.05351536152689891
91489	-0.020188966442362018	0.03673233923471156	0.022127647782455517
91506	-0.0508502243504058	-0.06025855247693626	0.009014441703945393
91562	0.07403138940148289	-0.047595623296370786	0.015024229971638532
91720	0.0475685633984633	-0.01776085018443565	-0.035252516608151194
91884	-0.00131482398941979	-0.0446868786774587	0.06011205900255023
91898	-0.021386368119578912	0.11540489934279169	0.043657877295135435
92095	0.04222472834164596	0.024103288100269883	0.011413604283933084
92210	-0.050417669105088866	-0.0005512306497711193	-0.003950228182566855
92247	-0.042932019026681444	-0.018641362033949227	-0.02269225409545672
92300	0.03720577855835909	0.014379472796890103	-0.005286879652212574
92382	-0.027629470637876175	-0.10044248666822413	-0.002621755888923025
92384	0.05598733045957066	0.016886992211110414	0.011812230082041339
92402	-0.006255924853330759	-0.06103118754596368	-0.03318811994845145
92473	0.00495350528820444	-0.04537563020459039	0.033049569696512564
92533	0.011173923715665099	0.008673502707286396	0.045483539788601236
92608	-0.020223456033516052	-0.032395117459179404	0.044924008561303685
92615	-0.05446947855412325	-0.039036478839137044	-0.09531170182959779
92633	0.02489024785388853	-0.08739886592139194	-0.03195106148132276
92648	0.011421162924171608	-0.08161792507355824	0.002961985788937198
92653	0.0239012816225068	0.03161595122180308	0.034219134526022016
92662	0.06750090206546211	-0.0232331554890117	0.0660973825181278
92704	0.046569171378173145	0.03467990330125171	-0.021326872435379948
92722	-0.04295599782059895	0.059176460349551	0.03299221045678756
92734	-0.02508507381623414	-0.02946189903056698	3.0421304908691058e-05
92910	-0.038772721005872826	-0.06673990018293958	0.07851079334829417
92968	-0.028722626187399774	0.05939447986707221	-0.04278724516222798
93010	-0.034994348107850536	-0.015131068252775827	-0.03244801048920326
93042	-0.04819969406331405	-0.001793430628814116	-0.017254664678056583
93048	0.0013873551181054474	0.006284748589230456	-0.010838209640764542
93094	0.09032016707178937	-0.020238774404792364	-0.04121840900527879
93213	-0.010676694907338743	-0.00745990040143642	0.033967348423629945
93238	0.004329377399682076	0.05560371443940006	0.006086789800360539
93340	-0.007956299395702948	-0.0030865510063651006	0.033115168392299534
93346	0.037292622447737164	-0.0016452526127015395	-0.07727074508535248
93375	-0.004680730357202326	-0.030285905135122575	-0.02486019669580217
93470	0.01599276681983651	-0.024352719357917333	0.011922542317721711
93474	-0.005286373873098151	-0.0218394414593931	0.06037454196429884
93560	1.642840566410428e-05	-0.0017429452593775597	0.028945183875201674
93625	0.04421742060360599	-0.0545454463756196	0.0056621971472647645
93695	-0.03645377788747044	-0.017784071973200203	-0.04943534222928926
93730	-0.06615968830691775	-0.056941669905942786	-0.008023839371260335
93736	-0.03746143057642107	0.027351032753987536	-0.054551186520554684
94010	0.03665773861341419	-0.07294070342542161	0.010885937523688898
94112	0.055952350621348845	0.02840132568490444	-0.016207843552806078
94453	-0.05199378787300016	0.03106148611836086	-0.060892627339866154
94574	-0.006380972474641717	-0.0619587780772348	0.025549062704653715
94633	-0.04231124787305326	0.019009113210817073	-0.02545797791878576
94636	0.016048904702671986	0.0334720455888971	0.002970457724109744
94704	-0.025315720231489126	-0.016668728147271838	-0.03388833387482033
94768	-0.02914456817911813	0.026847905271612266	-0.04359086070684013
94896	-0.10203033076226217	0.05895714896796465	-0.028326564919850885
95018	0.08353283858944603	-0.03354727473566771	0.042917823491059715
95095	-0.00306018331771135	0.02348381981601096	-0.06483900279168178
95128	0.016653835659711853	0.02120007660061137	0.06485498528153394
95159	0.05674529319380203	0.0511018314270021	0.04870184530029479
95179	-0.0025394602272987214	-0.02860233195975264	0.10328289390362078
95183	-0.004435613900311552	-0.025888710566902454	-0.007051718041301853
95207	-0.03224448200936687	0.06549542891850543	-0.019261518195411543
95221	-0.0012429654032255814	0.12442732599553163	-0.010984288706446787
95284	0.025086419209224414	-0.0010309092936976296	-0.032294852826704405
95341	0.018635854546830585	-0.047409015384826295	-0.018822213686468234
95353	0.11223650678112505	-0.029512220038150603	0.01940676167682107
95410	-0.04160780547646806	0.036176206566849195	-0.009385025670421852
95460	0.01834109415434316	0.022142846261009715	-0.01712198936342232
95465	0.030394127314833035	0.0074394508873779925	-0.030573053218915344
95515	0.020715790252300862	-0.005936071718786634	0.016883313137407603
95566	-0.022798662955323665	-0.04192807530581811	-0.002557199171208732
95574	0.016931358399495843	-0.07367592748778744	0.0019809823928988346
95673	-0.0213679988746924	-0.11140107962294449	-0.031108100397725682
95688	0.012179567924562281	-0.05245655572506126	-0.013326201753160257
95747	-0.012179502596878644	0.0064848154743841965	-0.03523059978031652
95901	-0.03907092470228309	-0.07419714905407719	0.014369479674590799
95990	-0.008935375850422322	-0.057019794549840075	0.03273143869375988
96163	-0.0265820342840926	-0.040685253040420755	0.0018393261268966176
96165	-0.006453662218607846	0.11477339533547443	0.017911985906880597
96243	0.015348511833247166	-0.014459381230715775	-0.036118883960244624
96259	0.028592237884312623	0.053617954151523185	-0.0064918462164230036

Biplot	0	0

Site constraints	0	0
