Eigvals	3
142.29098299967413	102.03945753051788	80.91684977947874

Proportion explained	3
0.5441744458874486	0.27984636276213676	0.17597919135041462

Species	20	3
bac84	30.309369968723797	-19.149128410415603	-6.133120485809472
bac85	-2.77220781997276	11.138864261538354	-49.267962887142595
bac87	-54.0013038976006	-5.2377372658207815	-6.257294439971363
bac106	-36.5368079484201	-17.049491311667985	25.35291704220052
bac161	-11.615819941407805	-5.744982048347248	12.093952281689416
bac180	39.58729790657956	-5.2810854184894325	15.60622501232987
bac181	-76.46184391098333	25.218433522267926	-7.88891124587913
bac185	8.767505089490433	19.434627593953056	18.52647630427711
bac190	47.92891075057019	-5.835340500122481	17.259475769668178
bac197	19.495625273511322	12.84021675766315	-14.672924084108724
bac221	-4.217096231210839	-46.31241672445779	-14.189344736020278
bac224	-20.877638560152224	38.226671674622516	14.652311320248044
bac249	12.857599335381217	-8.097571449462711	-16.34794858996431
bac253	-12.706059790274665	14.188148027263146	27.57919337276692
bac255	-6.809435926849087	19.64944707025146	-7.621356293222679
bac261	-2.2726782853478125	-43.68141318339608	0.8357939376450991
bac262	48.30004714701062	23.121148167609828	9.74179588305094
bac271	-2.8398598986388603	-19.461709737614356	-3.870199223633449
bac313	37.51547938661411	30.27332886207413	-21.13591151565302
bac482	-13.651082647023214	-18.240009887449133	5.736832577528884

Site	641	3
10	0.008323143685202608	0.0037683163510954577	0.005219623563242093
25	0.044584237730975154	0.0114806768938092	-0.034079272705136644
34	0.03204541871077536	-0.05764000199631863	-0.004551820058309833
70	-0.07088126371433288	0.016794733678912172	-0.013462680790406634
121	-0.019852254065789908	0.07375878059731579	0.016260171364617118
193	-0.022384352818398914	-0.02659699808887955	0.015793394248203595
241	-0.031333660030177735	0.06647706878827812	-0.01045922585545136
254	-0.043771832775587084	-0.005976122077869825	-0.034235642576158624
261	0.06050589917767259	-0.03901848105341447	0.06936005121231417
370	-0.003486601596847955	0.08066288418215882	0.0014137545606643747
395	-0.029250397946991517	-0.05068078422736467	-0.006761067815586879
408	-0.07538010455027445	0.0622497698579911	-0.010659956406736924
436	-0.010759390483967868	0.0096882963651064	-0.017537562995583546
521	0.0498818893955909	-0.06236757661632354	0.03205855168825358
555	-0.03531784667911687	-0.027484276810103524	0.033758712090626926
710	-0.017012599308324355	-0.051793679219448	0.08322944845910178
834	0.04341408794534512	0.08722070401810009	-0.01414473316657633
865	-0.05712897588410076	-0.02263588669250966	0.0008086057114480531
916	-0.004354063165424116	-0.03676445614169679	0.015031052938860931
956	0.037088429056684684	-0.003324964783923002	0.016248775772745333
965	-0.02493092016432924	0.0024806260288784097	0.04461246404890625
1486	-0.002693546242488346	-0.024679076278231148	-0.0027295383718233123
1500	-0.03834369913274393	0.04434036276251911	0.030775986226513306
1531	-0.018619333896465258	0.00036946360048074406	-0.001256600114388925
1726	-0.031198915982976187	0.012861707004425682	-0.02309407667828586
1767	0.037309056016157194	-0.014647214109493068	0.0035044448201370067
1973	-0.025459292369625252	0.02267300316425787	-0.008107608251190014
2097	0.062429155338091284	-0.023822678552097826	-0.03978248199912969
2348	0.04836795944111832	-0.018006893273011058	-0.008504683096333874
2480	0.03263482865906251	0.022944318470989804	-0.06027479892501541
2497	-0.11060677629994002	0.02577329601377517	-0.048897407402666355
2651	-0.10321092550494586	-0.05990779520503641	0.015016302387617347
2695	-0.03652846753319341	0.07856019759192646	0.07759433058319921
2715	-0.027131824837517332	-0.07928890883284109	-0.025339853012856427
2895	-0.047718759798281496	-0.029459650018908302	-0.058543333800364035
2904	0.021061689122065845	-0.043507754532795186	-0.004982631361551643
2989	-0.00936113277838131	0.015115001067798579	-0.04013523244289888
2991	0.012213886033671503	0.04109875747428504	0.037891737204758025
3066	-0.013471522714539755	-0.021884613559075537	0.0022321945853071854
3157	0.021938844608098532	0.022982004438101833	0.029949526313604036
3334	0.01917808702420708	-0.028349836756056627	0.03839748493394594
3397	0.03929788893081956	-0.07978343766119216	-0.002540033108744471
3512	0.06347527586070552	0.024844532610286105	-0.0324157840529929
3524	-0.022101067165451255	0.02945681234397705	0.04791904169159647
3811	0.012695157909088097	0.02108460030237986	-0.04433118837660513
3821	0.03466417337500297	-0.036444069393034975	-0.006205261026259806
3888	-0.04549686897762894	0.0008264555053627695	-0.01766584390967032
3931	-0.05156903885959027	0.008118589209429873	0.00285659158900187
4017	0.022654411105717923	0.0480263520521815	0.007378229916430807
4115	-0.017455324966021618	-0.00945535824254193	0.032821066449411296
4191	-0.1025393090658119	0.006624529672723019	0.045023497067894255
5335	0.020091689812335393	0.025219061378850074	-0.004024782092599767
5367	-0.01568172532905155	-0.007161501539108055	0.06842655471437294
5433	0.003670634441434556	-0.03548509907556996	-0.027039819402052724
5467	-0.023576535026189557	-0.011327043752604429	0.017088168620504985
5573	0.01353203899282959	-0.008150843717296914	-0.004762475458850388
5589	-0.03352647172573951	-0.034108984709754764	-0.027079571373012538
5695	0.016122610740974527	0.04734344508359142	0.06402074573147562
5743	-0.03451120038361772	-0.017608172986513078	-0.001989525391133972
5748	-0.023285563975518012	-0.005088527107536265	-0.0440252945734427
5760	0.004989403911053213	-0.03123110472728753	-0.016539938198800525
5795	0.011407272007333292	0.041754578719004565	-0.006693227675060768
5799	-0.03956224264454305	-0.009873781108504861	0.019074387591229234
5875	0.09356534744596053	-0.06804717398818887	0.0362592467820606
6005	0.0024764543351462496	0.008948272042632047	-0.0482830602846885
6132	-0.04446118343346464	-0.03999261625773439	-0.004419684456595646
6343	-0.09745122125396083	0.06436599665512839	0.04275880148608053
6417	-0.05017764035938901	0.00893702727809428	0.1261395793058328
6437	-0.019462889245407188	-0.023757710234445478	-0.004533152978305125
6589	0.029625132679248965	0.016159919803943785	0.02263382972353391
6593	-0.04033894737259317	-0.051831419216885354	0.01398290857438714
6672	0.03783072430362356	-0.030506621359913617	0.03234615251084669
6688	0.03052642654434621	0.02292215634213531	-0.004977217174115873
6762	0.009984030099302342	0.0034371326157648053	0.017511735716241244
6946	0.007676151613078973	-0.03133044605661191	-0.005047230281314825
6966	-0.05718872714704725	0.03588863981735773	0.010779912060779946
7151	-0.029538178417689374	-0.006122964356517049	0.04565152107392472
34494	-0.010144403955538898	0.056698587810342316	-0.017752351313560115
34532	-0.03794196211701742	0.04672563508340899	-0.0004746428747862614
35345	0.03574219986923827	-0.0058882971006662815	-0.0023930909566538478
35349	-0.0420209493309411	-0.052312460952261934	-0.0038056934583420975
35456	0.005169364370009299	-0.00500952983180699	0.0372075285707397
35882	0.0024002803888255935	-0.03560257474592727	0.03143977268429553
36051	-0.05451870518174942	0.08733517239378044	-0.0012897671780687024
36254	0.024854770630715155	0.01358768842247547	-0.025175549941529336
36255	-0.03006532553253439	-0.02871903321649168	0.01118122232915767
36672	-0.07011111512954069	0.0681957725064865	-0.031635111703360884
36736	-0.012983599682251207	-0.010483244498484225	-0.04708774737087601
40386	0.015674706539408806	-0.0040006517305299135	0.008286334010822979
40995	0.011893370523746028	0.047964258165379955	-0.01342774909129846
41041	0.03345593865774456	-0.027698721716802103	-0.023976550986457783
41163	-0.006459446255177788	-7.978644105193221e-05	0.004798136567617811
41556	-0.0624059985782214	-0.05313110258570523	0.024057418148627677
41670	-0.018915724177319584	-0.03690499009521881	0.010084777078243541
41821	-0.03471092585919372	0.03670892740317328	0.004004024190277862
43187	-0.015059281898747409	0.004650947943840106	0.0006859532107924957
43218	0.000567159928797998	0.015360689947049751	0.022799036669543388
43266	0.02587862417823746	0.03664457777775845	0.10000747885736944
43307	-0.012185132616311269	-0.00440365331949228	-0.025188891936890615
43323	-0.050666568107766555	-0.07065155048634514	-0.001354712688130953
43332	0.05751093343674108	0.011137328926518407	0.04354187874038661
43411	0.022318718150812725	0.041449140893135	0.003276584984259223
43412	-0.00035991245207937474	0.025392839245898587	-0.04849354017567292
43454	-0.08114999755346657	-0.005654441831909911	0.031889376364855185
43908	0.02769116060534828	-0.007855433003850033	-0.014681256062935555
44006	-0.039360568104447255	-9.723392249670101e-05	0.045588181893389534
44457	0.010132068432671986	0.0172412728100979	-0.0153865286608056
44712	-0.0967671766283607	0.0311523495937479	0.04655917136929739
44981	0.05540511412548462	-0.07354493363398044	-0.031209013121860717
45090	0.021405725506215115	0.05703421612560738	-0.030115196704806908
45411	-0.020858009435524492	-0.007921587054385955	0.007604732923706276
45918	-0.0321602023415518	0.03212909611150859	0.06886270019529231
48363	0.02682105616835502	0.04126764718599564	-0.0074231682634875815
53252	-0.02680000537698559	0.008487926466043674	-0.09026345308236902
53346	-0.025023600608250894	0.07671109667223182	-0.02923385202160707
53584	0.017105330045490738	0.020023748436605933	-0.06402746981358343
53616	-0.010407839918767394	0.047866768322740116	0.01057372327610786
53854	0.042193898205981246	0.009220494331114588	-0.0477966098960266
53860	-0.02099727468534289	-0.04602080808828185	0.04737642956439141
57681	0.02369902529427105	-0.036117138443157754	-0.047882354998327555
57927	-0.035297773147205835	-0.03093857976820502	-0.039229882598929997
57977	0.022702891978153082	0.05526824637975621	0.022999846206253182
58028	0.013088501494652271	0.036366630977969994	0.035322437503190585
58055	-0.06386507904308072	-0.003628723756127656	-0.036954416178629754
58069	-0.06579923538919935	-0.0635537620188495	0.022469240528180674
58084	-0.012556135030218912	0.05589480694012016	-0.010248158970279062
58122	-0.03632196060947342	-0.034796313516555495	-0.08336054967569982
58161	0.028833980524931132	0.00759331485608854	0.04255901590383077
58179	0.04573054227399692	0.0011090367900293903	0.11354471133708481
58191	-0.01397958207956085	-0.0032227780647509077	-0.04534614657628681
58208	-0.0009065630568730797	-0.021043054915025856	-0.006754763937152442
58262	-0.010754891234918964	0.012907342909666334	0.02840912211617442
58332	0.061073225637321565	0.0572490578948098	0.03965626131401409
58335	0.07006994815882556	0.029724641674239015	-0.0271241859610198
58362	0.07952327117001054	0.01335647306856856	-0.04624437791647941
58386	0.017967489865384295	-0.03924969194132433	-0.035024976296907595
58392	0.02330387290201239	0.0702300601033356	0.00010092566249722262
58401	0.01868252791958459	-0.011470583384981343	-0.016303620500898883
58409	-0.014007563524152923	-0.06865675285838434	-0.0795731774303103
58414	0.022896963483711678	-0.03752154232908871	0.03158730523547625
58415	0.009562589736203629	-0.07475914612510494	0.0676400999127355
58518	-0.010646394703565026	-0.026486457224941345	-0.010628818171527582
58540	-0.016848942781490336	-0.027568161735372576	0.007516912996234455
59322	0.0509125225438901	-0.04390967377402629	0.052062845214799064
59330	0.04008939869933866	-0.005723458473083258	0.06638155968546171
59339	-0.00821827543864004	-0.00937510001317175	0.016059394295836898
59340	-0.007119063706055219	0.06592710376650598	-0.018143597833247968
59439	-0.02548658159389659	0.10383176951927785	-0.000273157833734909
59471	0.021809050389563777	0.030143007048860016	-0.0010641397049335059
59537	-0.02766318428187863	0.029998021888689764	-0.041814501255891756
59602	0.026584995098915785	0.012908233173739231	0.08337320247801255
59628	-0.03647575313794869	0.03512528777439736	-0.07264266986837388
59701	-0.04265832045316504	-0.06464915803307368	-0.06150654240160593
59833	-0.0038496049976327316	-0.0765587840414843	-0.022157183044320326
59898	-0.042336036298696415	0.04785086705288985	-0.04802285705769932
60064	-0.05543914687617757	0.037388890408282555	-0.07146716427316349
60169	-0.0341253392059764	0.012606764263065924	0.031865389963257544
60287	-0.005471300862414635	0.057951399142523737	0.0979962393376704
60345	-0.04026864315199233	0.037718346136580976	-0.030884488463586934
60616	0.034180272538174905	-0.00481919774935715	-0.05762883480209369
60804	0.011130300868227536	-0.023488001347483946	-0.06709022265565855
61169	0.0037785165616927036	0.03392369957933868	-0.02406042076990493
61675	0.05375980028787152	0.04358441615986932	0.07120521039581972
61691	-0.0017747570357581593	0.0693337040949256	-0.007428480459682683
61692	-0.028139839815897478	-0.0882094157422832	0.04831932618128331
61693	-0.028903410342451384	-0.04790624556224608	-0.014772763428042877
61702	0.0055751899525002275	-0.028908569393401654	-0.019210707826626202
61705	-0.006599627377357657	-0.02144902297567289	-0.06122057272087074
61710	-0.03676562697316125	0.032263152459012984	-0.0006964715367165566
61711	0.02586920243240906	-0.009515897759863813	-0.03239847558005496
61716	-0.001919029045245228	-0.0035839587878286902	0.003593987290280328
61861	0.10186008318066066	0.013485087701810464	0.0507286723519402
61937	-0.08486901581233967	0.046428343482001	0.06287853612319973
62004	-0.004400947972605374	0.05872654205325324	-0.028745823778250915
62015	-0.027206576134627375	-0.06753448520238468	0.06044344604239464
62019	-0.012950379753544159	0.022100110287090646	0.007973573115929654
62022	-0.00817456085115562	0.004706730735214281	-0.006555797224949813
62038	0.0545780737407964	-0.07617305702093188	0.08836782977673271
62048	-0.02940235584149526	0.055010495989186815	0.07384089976617644
62056	-0.012194097550467495	0.07792238352416314	-0.058002648702981684
62057	0.047982687874573854	-0.08640048426667787	-0.07247007204187242
62113	-0.013200327940540785	-0.006413092324808084	-0.002046056923610591
62261	-0.055060494747543855	-0.025764666724664598	0.004611758510983403
62270	-0.049643643624597986	-0.03909053609652234	-0.09980069323570845
62271	0.05630240644404727	0.03220049825094236	-0.005118019199437118
62272	0.029020885836758208	-0.006392106965970857	-0.037401755194622424
62275	0.024134664918692813	-0.11239782571955646	-0.0021219215101334903
62278	-0.06800809386922613	0.00013656893138422595	0.03763542374937661
62281	0.018425738933796044	0.034920240768786005	-0.036380316205432764
62284	0.034605502944936556	-0.008564133411169041	-0.015741389022151744
62286	-0.003967435073912908	-0.02573322932817393	0.03875568724673283
62315	-0.0034550586777673713	-0.0025297523550198	0.024821940253044787
62316	0.012590843137793973	0.04518896516454685	0.009715435490045145
62318	-0.031622606016044684	-0.03269327889688954	0.030448862945342287
62328	-0.005943288675127012	0.09449303862685253	0.022195338062802987
62336	-3.217229757891073e-05	0.02605249169828774	0.038931864613350894
62343	-0.04408882762326725	-0.009019176753873299	0.021781431654620306
62388	0.016772731719496465	0.008624345084997976	-0.013044529460154901
62407	-0.005879388315160458	-0.028673735923827524	0.017973409555365295
62408	0.04137566274362622	-0.020221969871355893	-0.05566696036839646
62464	-0.06897989533204517	-0.0017896677188632168	0.03133713492726324
62494	-0.06748140129179817	-0.02477148869167175	0.017883685801408554
62554	-0.06645354484576715	-0.008320237941834365	0.06897424804324812
62619	-0.04891904895490729	0.047974416550362185	0.054622340433952275
62744	0.008211622950392121	-0.02634658581377199	-0.02038956243475815
62785	-0.05307284207479968	-0.06391527042113312	0.05926188220559194
62803	0.007539483702522549	-0.07808071732893714	-0.06203519753509754
62859	0.048483971904354085	0.02514769020290125	-0.01767010874479558
62905	0.02782759405276563	-0.04886405885198603	-0.008417244051521534
62926	-0.04289021697993535	-0.037934678832357245	-0.04387123088083222
63100	-0.017649771235588037	0.030556206185726947	-0.023747750010927677
63104	0.013568291709145051	-0.04109571561421687	0.027013186628406537
63425	-0.020742970354185666	0.015741800650777328	6.303866436101533e-05
63617	-0.023526382055096946	-0.011160704052817112	-0.004866700311490989
63646	0.015174801722942268	0.0024944235684748036	0.048470652993330206
63699	0.06174839405573865	0.03700016491328869	0.053615779786158856
63705	0.045659156467243604	-0.021654784313578087	-0.004723290493482926
63727	0.011006127102315284	0.04492149082320171	-0.04831491159886423
63788	-0.009342051858592021	-0.02015117465947011	0.01157578632354438
63913	-0.059640269560874856	-0.047017253704025604	-0.003013761608852574
63919	-0.0033799669517876126	-0.023403906203226237	-0.0029215764119530957
63967	-0.059050934724080795	0.026810559338766464	0.049890983486382316
64078	-0.023621580554415607	-0.05551946618703035	-0.014079607316050308
64348	0.0035264615400954404	0.033385573864575045	-0.011358756384666765
64442	-0.0561603727897361	0.07075307954660398	0.03997402736381826
64513	-0.027531944119562276	-0.036994198774754225	-0.03828747647353445
64569	0.0066902979062737015	0.023896158356676283	-0.03457137493123587
64605	0.04268159523902207	-0.02014250554757727	-0.04476975775539795
64754	0.02637050123057278	0.03852681982520934	0.03355964422863132
65531	-0.03909204827277331	-0.022552783846566907	0.04872877826723322
65540	-0.05033652939757449	-0.028648015874311372	0.06362234894823487
65561	-0.0017087135345350574	-0.011677990257175414	-0.059976903892621544
65619	-0.017857891848817108	-0.02231789061121761	-0.055573632567048115
65659	0.04451821217502152	0.03187894249833043	0.015119861656467018
65718	-0.04034657430363889	0.0204873189928781	0.0022430845996713362
65728	0.01907188989520558	-0.0323196158462553	0.05517908132441111
65738	0.04472184511934483	-0.016212160957909613	-0.02500480930249625
65756	-0.020868825484246005	-0.06716164051465448	-0.03826863753013783
65951	-0.026681288229849144	0.022993383812224412	-0.025702550136449915
66028	-0.03202239430458887	0.013988628766688866	-0.046822244578151796
66097	-0.008726691278613754	0.019852799263324897	-0.0019461188003321568
66142	-0.008893716130911548	0.05968426346696983	-0.014206053408387397
66157	0.0238828031885594	-0.020416670596158377	-0.01760240207680046
66217	0.0313298250757199	-0.0338128674284284	0.03168124938964355
66242	0.020445635510014513	0.010441366277155303	0.01461305593528789
66417	0.056864539135052274	-0.01588666720529399	-0.005380346852847092
66571	-0.0035844349395880793	-0.0028516561750863458	0.03227620966299492
66612	0.0049531966805434705	-0.03462608418716043	-0.0284767887626716
66652	0.04419378413800351	0.04628590044784349	0.006445733531223955
66654	-0.0446386827976302	0.03522147596751209	-0.020694477784361565
66700	0.026028220959695102	-0.06717849891310551	0.025997522633106715
66747	0.004642199569773406	-0.00333912670119518	-0.04649680074597592
66774	0.01960620415391157	0.035417244905150566	-0.02296796742418507
66970	-0.03753089209354258	-0.024638953337415292	0.05846128356550169
67000	-0.025287658413037577	0.033218111564582285	-0.013160551852964329
67006	-0.05068941502627255	0.0212389754977403	-0.02383771783612202
67093	-0.0034940084210667763	0.009828301211300124	-0.007932443799630906
67111	0.03525890800500177	-0.024532503027818606	-0.0004279434698309359
67112	-0.0367839166839399	-0.007914600632056679	0.01331882296723495
67128	0.03592322706280072	-0.07076744796339483	0.016197403245039554
67242	-0.04172656697878092	-0.04702875288041257	0.022034160174817078
67413	-0.002852643851527312	-0.04297598630435662	-0.05466782786442945
67420	0.09101492840811015	0.011786603365109604	0.03320110483624855
67423	-0.02917450763319736	-0.03907928761262371	0.0014947367132120118
67475	0.03044692549059973	-0.013576595500237706	0.02576899301818489
67478	0.01447369904368908	0.003132209834512444	-0.06349502009894616
67547	-0.0032069669724184183	-0.015624199010433031	-0.02526797564128524
67551	-0.014642203008083353	-0.0857632602033938	-0.037247802730750276
67610	-0.0199031352180674	-0.015247724475906884	-0.037713287185204586
67754	0.01719692803376346	-0.03509663782870652	-0.00808225019151846
67924	-0.09696259384529124	-0.010076911877486501	-0.016218628882920156
67982	0.02978931858108392	0.03481002326953475	-0.03162265592422311
67997	0.02454889382928147	0.009882693780929194	-0.03141199008833195
68011	-0.011765337463578824	-0.026461584429419423	0.028555527571071954
68024	0.06110769518516186	0.006785556897406326	0.013663525050396879
68076	-0.058404851308474774	-0.02515332945096567	-0.05845390687039976
68089	-0.04994505267611802	0.039787050814497744	0.01567837516915397
68230	-0.023877108935524114	-0.01980149162459104	0.02606302176262913
68291	0.10760221444265643	-0.016600689523263056	0.024669267287578924
68313	-0.03172474470092554	-0.014001367013391898	0.0077181591601186246
68411	-0.03560761419690576	0.04668205924890124	0.03321062222299037
68596	-0.015566620077665197	0.07520615587043794	0.047416436541693655
68637	-0.08023184943055933	0.010253799699717623	0.04753601763222186
68666	-0.042394939927322565	-0.04367172711639678	0.010161256096201431
68705	-0.018177363683911953	-0.05825483544148373	-0.042526771468922045
68833	-0.057768727926461906	-0.03576617607143878	-0.02644890758191172
68854	-0.007244690106252181	0.04378776054859132	0.06303262520608545
68865	-0.055904414936948074	-0.00552022120570899	0.004673336052717843
68979	0.009464553787340811	-0.012738239941499531	0.023803919411317636
68995	0.03351239485538206	-0.03686817313824517	-0.02442676559173372
69002	0.03960342752707384	-0.03294178813988862	0.008462520040513353
69014	-0.04277047140972506	-0.04514421548407672	0.04687809294151825
69125	-0.02289589070029578	-0.04499547479921648	-0.05404128228681904
69152	-0.06943524770662655	-0.06248589897355712	0.051753050979004074
69167	0.04454676124002347	0.03425715815253446	0.07617336081432675
69289	-0.0008826693264135563	0.033362339916876274	0.10037407270749112
69304	-0.0057976600178657476	0.028698559665754617	-0.03213989079651258
69312	-0.03216225563794123	-0.021584413652586853	0.01450729526375756
69322	-0.02531674815532039	-0.02402845691683154	0.05996800889934912
69325	-0.0041306125564989915	-0.03003647029275719	0.03851909681236423
69350	-0.0516476064991407	0.023399688232448188	-0.01981181762818045
69354	-0.03504332739660455	0.0272501341224431	0.02705451097583158
69433	0.07561055458570405	0.010585858004174682	-0.005889020655132455
69440	-0.03266734488531773	0.015183424816825932	0.0694531044578956
69512	-0.015370085447487964	-0.005738625025307803	-0.04501775138430515
69559	0.016485363660781155	-0.015106058731531832	-0.016482219894831236
69577	-0.017284842909061054	0.009118075197671393	0.012502967992922559
69627	-0.0006861416029662054	-0.003209158456376179	-0.033700124223476485
69638	-0.07162606831246496	-0.044271604627699114	-0.0018712629291736135
69686	0.012160265266498481	0.013270720866610745	0.028377278333680558
69739	0.10066978053146851	-0.06947517050245917	-0.006135932621242276
69744	-0.02831424159517246	0.012640332712609172	-0.030729855802818527
69897	-0.0736441381544582	0.03741556190728075	-0.04498386939712345
69898	-0.028676272934423826	-0.01125436976099902	0.07148879867174535
70068	0.05459912821587463	0.013533710116425093	0.0061011900268573985
70218	0.05762587406046585	-0.057883523066514835	-0.064961679831476
70260	-0.0011193097090751681	0.03163867458909025	-0.01790623264850025
70323	-0.08471420596561356	-0.02284510081099595	0.02441903393988777
70333	0.04779655802190562	-0.03703526438054001	0.010414632441882987
70430	-0.01488820322583718	0.05962661724410672	-0.024652414557884708
70527	-0.08939506489227098	-0.005397294977210483	-0.03294199604291361
70670	-0.031471679541688245	0.05695705960236121	0.0009523369595225083
70682	-0.0018692419060723445	0.017561986498412657	0.002415607984945266
70795	0.0677993495638497	0.044519359457633134	-0.05621699393510887
70801	-0.012232152377268818	-0.05313090953566128	-0.040928964219478794
70848	0.012677644457132896	-0.02491341996390848	-0.015927207379322787
70912	-0.032268159990139544	0.04844399241939007	0.011521064874433627
70914	0.0022635971658130213	-0.0008041014633282802	-0.027399596050911957
70915	-0.027988936813873478	-0.010158314965107289	0.012384122870836595
70959	-0.019719701748154062	-0.07463060759087846	-0.01446121691205036
71040	-0.0009138241914707246	0.000822428192158675	0.029571751363020322
71051	-0.0032100503345391983	-0.023554408482757055	0.010789127029630455
71070	0.011392106570605635	0.04208602486635739	-0.0007054337338498956
71091	-0.08013965133529516	0.022507000588866295	0.011798736604961106
71103	0.020892843771708792	0.01302545701871634	-0.046817889019607595
71166	-0.013589766157052081	-0.05595553188898583	-0.06296041519977298
71174	0.03416477362355422	-0.02205971070616675	-0.050619482956137656
71191	-0.03307036216904153	-0.010569143294820579	-0.014774524675054326
71373	-0.011165717271995433	0.034701026307346415	-0.04187663362504356
71431	-0.06615014381808286	0.010250367973354092	0.010748154546868498
71528	-0.039097884972551865	-0.055336178251138145	0.030874278660269417
71536	0.02828545536403875	0.08861452450069653	0.0134778559589702
71585	-0.035746409832598816	0.011902074725255953	0.0221405237043925
71590	0.011743202462619678	-0.016765365747836023	-0.006652129673812893
71777	-0.09691960972200832	-0.029649958399845848	-0.011835604702350663
71780	-0.06536592706909239	0.021281290522774995	0.012566628666702655
71788	0.07224602645220121	-0.020632193882009157	0.021039834065341056
71870	-0.008216997299182183	0.0352297632667951	0.012957697114461156
71906	0.0014241897323886744	-0.03417132577064897	-0.011548390630346584
71987	0.02195741292773548	0.11464931631260243	-0.01602524880394143
71994	0.08699451340114132	0.004357490554431042	0.00736894299089594
72156	0.064536394195742	0.0361277931300425	0.02591157244530952
72199	0.0014657566956199825	0.014743179032419404	0.03159911491223481
72331	-0.04326934646434629	0.005337202256968006	-0.02621924792700846
72346	-0.006548806301416257	-0.012696830549068963	-0.04347141202189261
72381	-0.02984684148577693	-0.004466520588368683	-0.006379751129157128
72427	-0.0579073501098703	-0.0729998923452744	0.08889791226890029
72518	-0.03906346566952068	-0.01323319456554634	0.031810177489395394
72519	-0.014463154397498068	0.003351989046415046	0.026225003905411704
72532	-0.0282715896191913	0.010420248911895956	-0.038824982255020415
72556	0.02269823737394209	0.033726189418151926	0.0011124800179927424
72683	-0.0074916805235497284	0.030897511025250304	0.03173199841150043
72704	0.0009235723164744106	0.0010437863845528129	-0.06139018560953061
72789	0.03492930328849037	-0.0015874904010311636	-0.008732287903670009
72840	-0.027929722717214552	0.007986830049930853	0.06913462794685019
72843	-0.008699584007534709	-0.0384229758823544	0.00523880153563804
72848	-0.04583249656205012	0.04943190827879228	-0.004985646858157746
73021	0.0022949454185358198	0.016544845091330976	0.09987547031126119
73172	0.04419163667413449	-0.006633859268385936	-0.0026605791345226453
73200	0.004842404147718746	-0.05165526367097355	0.04906406906240131
73226	-0.02349997222189032	-0.07431268878251698	0.15382591908411145
73283	0.03812750862733286	-0.007694699744885585	0.07665502576931299
73366	0.006757314140956451	0.050461093139446904	0.008884596982333733
73406	0.05958812960247287	-0.034754616524406	0.0414667535555044
73422	-0.006621789771249933	-0.05439033785316462	-0.01167922731990193
73424	-0.08143596339355572	0.030339177824626244	0.04645126291554845
73480	-0.005705840747625287	0.03672450450700988	-0.015167248707497761
73489	0.05759748441732731	-0.0025573961114415573	-0.0054846543284394105
73498	0.036061603145215296	-0.025810704358603907	0.04455500713783684
73499	0.02398643101054644	0.022367799564581486	0.024554757699644044
73506	0.037404074254892644	-0.05303549002432505	-0.07611284170276073
73510	0.024794859197281374	0.04491817513509952	-0.06457864459441234
73832	0.09005441894424847	0.01617808509235053	0.024568985282397596
73923	0.015171234728654715	-0.026021781269845796	0.005337324796438323
74032	0.015381261389879714	0.05943424135184912	-0.042648940347611464
74801	-0.0191874007578275	0.017651365757013315	-0.08775811522849493
74917	-0.03924392365765048	-0.037494482040835504	0.023308657118086034
74936	-0.03728650691140814	0.047770919832723774	0.013387506122009951
75330	-0.025453412925361532	0.021652671900943058	-0.05201726887414463
75446	-0.03291374798033551	-0.007054801185381515	-0.02683407353521833
75537	0.03176030824286745	-0.007403529436009936	-0.035625010475494275
84073	-0.022685813068747212	-0.008084548192048001	0.0017141378891487248
84469	-0.03116743862621056	0.022347846116632073	-0.0228873893038833
85231	0.011563511102695675	0.0075988469782631105	-0.09889965163299497
85232	-0.0006256293512914487	0.004695536204486014	-0.027651941246006836
85233	0.04639941413940644	-0.0031426408146582674	0.04851481109820585
85240	0.016048241959588566	0.033087464152442056	-0.08050423183692557
85259	-0.09545849129311332	-0.036305521091273336	-0.04225273583882971
85267	-0.026302477709686096	0.04158495279359438	-0.030003136408976228
85274	0.04451378281813351	-0.015296280019800398	0.020714221141676033
85289	0.07543685391301663	-0.015666976790848712	-0.044732807643704804
85346	-0.004028921864912061	0.0079481442904135	-0.028549055628314897
85390	0.059926698929302566	-0.04067204313754625	0.00022593305539062172
85483	-0.008552784278277622	0.019842475533643947	0.04224188795747682
85543	0.014980431291229557	0.0070325390444255734	-0.05475364110788887
85578	-0.0367139976309724	0.025897358752861047	0.015110262821676324
85618	0.06197703737347648	-0.014688151664687388	-0.023121987418846687
85619	0.06623452325344203	-0.030655396451545153	0.015652264318443635
85637	0.04395096209052058	0.04176784415952096	0.024103039485512574
85713	0.0047403443303262625	0.05545888443389513	-0.04667403134423854
85714	0.10366791014807931	0.06208497499488213	0.011423804808781695
85716	0.02490436246972308	-0.00111125938545028	-0.05296409384841244
85739	0.0006532420251343892	0.033800681794905175	-0.006651430232418692
85744	0.000608573819234346	0.014544998700493838	-0.025525123658563843
85773	0.03135845254578365	-0.01541034288214048	0.039593688650371765
85782	0.018338205417546306	0.021199782201993728	-0.04872717711814179
85916	-0.0037912359706199165	-0.010380162120798828	0.03623334610670075
85920	0.04298351516911504	-0.001327128285085891	0.06920178999377737
86188	0.007895384956763927	0.01363041400581925	-0.019338857441851355
86208	0.03295600112135557	-0.07339533156645241	-0.044879636271552885
86223	-0.08996322077871291	-0.0005501156942303432	0.05681560404014079
86236	0.05023880371078991	0.0014112366637523517	-0.02680042942147751
86262	0.03760013262621716	0.02946998457284332	-0.059473965476508996
86263	0.011857027651948768	-0.052275642977583636	-0.021872342468283554
86334	0.05070296181355737	0.08043817924631062	0.02771261180653267
86341	0.0034918054752613448	-0.01743565533166744	-0.04582063974745639
86342	-0.0008581034373046854	0.04297024849099633	0.04412068444043239
86390	-0.03352862350977984	-0.032363795797127844	0.015107697046812255
86412	0.05152780797143371	0.037369793837114064	0.042982439936663716
86450	-0.05584280334528621	-0.06497735722177947	-0.036054170887776356
86464	-0.06777014036502851	0.059309353276631595	0.008249474555829665
86472	-0.028628107535927753	-0.08312546562205994	0.0034061755767710302
86478	-0.018072381748297554	0.01609226329285536	0.0036547379712037493
86479	-0.012818564472353812	0.040311810699000285	-0.02180231899589983
86486	-0.05590540133861654	0.06583883783336505	0.0877670536841059
86489	0.06963665427762833	0.003630248821020515	0.04313720669601593
86525	-0.03839474687545236	0.04279015991906293	0.0018337438866074867
86545	-0.05978417351203479	-0.015607525966913598	-0.021703813121316966
86592	0.01726635525277325	-0.005836884305950024	0.04139611869743815
86625	0.03285409697500879	0.004666884193606842	-0.04471372888768531
86645	-0.004704874571126882	0.005236482512898994	-0.03582125044974632
86656	0.07915626461810177	-0.023341471594633	0.055422193419522175
86659	0.02411086825704779	-0.019985036279419346	-0.016851623039837022
86666	-0.017122682980809243	-0.10089238259308637	-0.03168586905577853
86753	0.02869918046964281	0.021497107151374012	-0.08297532883768904
86766	-0.012359394597532615	-0.03161654764232782	-0.036632245062251156
86791	-0.038921867617057605	-0.020444931166394547	-0.008019845307901117
86803	-0.035117692901128095	-0.029585537070674444	-0.04075985962484286
86873	-0.006370735780106945	0.03971630851359609	-0.020601026684682194
86915	0.0517891199689419	0.004336415616063292	-0.027765155548068136
86949	0.03684568376855686	-0.04772206840953225	-0.04409157651345854
86951	-0.03513582685476427	-0.0450242764978003	0.011901248211946758
86953	0.05089259242007666	0.017175582211561777	0.04945389371873411
86966	-0.007021179876044913	0.01642242168558482	-0.03617572504464119
87001	-0.013722976989317444	0.03065769143221734	-0.0072259551536611255
87013	0.011244172988316576	0.004512087761239816	0.06582783951514366
87123	0.00563968030378132	0.04964314560173976	-0.02756722179245583
87135	0.060447559577378816	0.024432452039122067	0.040019876492921214
87163	0.04406657549820444	0.049666910904630004	-0.06287118044445869
87182	-0.031568555611650874	0.05427527822565002	0.014915138817309468
87286	-0.017760928450465067	0.03719114540210564	0.06374170764179489
87291	-0.018495936874201854	-0.0003249898312783012	-0.03358869477414256
87294	0.047098384351613634	-0.046071361814139046	-0.009247015379458117
87295	0.021549759586447524	-0.033083474961168736	0.004610850384972815
87299	0.013987202328760143	-0.004607007631168406	-0.0041378795000555696
87316	0.05339161825294732	-0.01737789812873678	0.027853352441987993
87332	0.015105967356470075	-0.009442294036933628	-0.049086990031214854
87337	0.05642196153486908	-0.037548443531498964	0.017089976036799678
87338	-0.05356888784658097	0.03012962771919126	-0.019121193574531382
87362	0.009325693052738004	-0.014637875467881364	0.022811026261506256
87368	-0.008463030695737282	-0.05661277870747837	0.017684248358451664
87374	-0.015295018029108945	-0.04622423733881323	0.005773851594840314
87376	0.021631667714503155	0.0717883662579662	-0.032215310568278074
87393	-0.030498181784501796	-0.03604974704118234	-0.015590012209090504
87394	-0.04719554754315833	-0.02211420858943967	-0.0013470134638430041
87429	0.006479371042501218	0.0201628685099276	-0.03829609824899162
87444	-0.06640865798053215	-0.01670256141562468	-0.007866631465198694
87473	-0.013734366872376705	0.006510061144448078	0.024222562972369407
87488	-0.05531059747749385	0.05626648471106824	-0.0729024500001838
87519	-0.006190149470698615	0.025450209888714378	0.013873018354550865
87569	0.02090332104375464	0.022616626714722456	0.03358739847212423
87620	-0.027726165940797604	-0.0306232607003285	-0.07925624670455121
87634	-0.03128967712425512	0.003181608107164392	0.03999918151554703
87635	-0.03320851432829788	0.026938182484937907	-0.05164730603597135
87786	0.0009792567652782281	-0.008033818727332213	0.016271940061486394
87846	0.006967933991280941	0.08508551930164147	0.00205137444074714
87854	-0.038571290667593364	0.01936007814075949	0.0036658048076519912
87856	-0.010563072304733983	-0.012292979636340639	-0.08959110589598726
87870	0.06441521087662798	0.01773463281521983	0.012172586613822093
87905	-0.00394902219723797	-0.05223553419690885	-0.007101058465334748
87975	-0.01456100354602497	0.03166338980998666	0.04635411666037317
88013	0.07553551073513591	0.014306868720164572	0.04534401761337234
88066	0.021157710729025	0.011038157213163646	0.06443863681888462
88174	0.04266191138979183	0.016985785460745934	0.013913835400051967
88199	0.007389634044928873	0.03303859013519625	-0.03871655686121284
88200	-0.044405298521997406	-0.03661476360922313	-0.06565801409852556
88215	0.08363510548319984	-0.03949608808797254	0.016546865948976874
88285	0.03402421261081105	-0.0236405097979946	-0.0023393404913751134
88296	-0.012344383059011923	0.055068573371736804	-0.05628820880776577
88359	0.0027970603751486106	0.044283716585135136	-0.0466194503001911
88396	-0.06233679368349536	0.013142637583264758	-0.013613844067962162
88425	0.01595693338758388	0.0808488772660132	-0.03650935879835392
88487	0.00324172172078521	0.04549548939525724	0.04498609439158373
88500	-0.01153964961474642	-0.04400017952708855	0.048329618359543546
88518	0.002428748317425967	0.024073858059430443	-0.035687003996892494
88528	0.032419774379433226	0.046796857868855554	0.019313294862472435
88667	0.0003262369446385719	0.004442033986734606	0.05443482210391083
88739	-0.02044111620924438	0.01997252104695574	0.06251262539148791
88773	0.03566871507832383	-0.015383558841564957	0.05733160492761246
88776	-0.027349424249129894	0.0018846416772224995	0.02724713760803663
88916	-0.037441819505509816	-0.015745216498133673	-0.006416627600351293
88933	0.07594651503918509	-0.042725197619223644	0.010038557348936659
88955	0.014354777562031127	-0.055878211143960965	-0.012434755149214532
88957	-0.02763181682817627	-0.0026704491144345865	0.024317211753479364
89006	0.02297070678706388	0.013642486351327456	-0.0376892409306043
89072	-0.004373198111537153	0.00716975894093517	-0.014275020579374867
89079	-0.059394551367723265	0.034727662439030894	0.029446477745708185
89083	0.10078287931512761	-0.0418390715338552	0.02070885466797275
89104	0.0970442321331358	0.004858276408262998	-0.012601779930401246
89267	0.03144043717050448	0.05371006748121345	0.037730203733450984
89288	-0.00694537049373777	-0.03705613983786651	-0.05017375205039296
89290	-0.006892224310750077	0.024099516873481632	-0.059268437273985466
89363	-0.0014393424278398488	-0.062104339611420416	0.02232023156628825
89376	0.03174617207251458	0.02969079769265551	0.08680446920217769
89394	-0.010577268584121365	-0.08275608181344665	0.04581680215603196
89425	-0.05638703409535959	0.04017016425504109	-0.00934115858601188
89440	-0.007952005168068819	0.06001007148598115	0.022587206509577986
89460	0.0857056031317375	0.04367873918234428	-0.0545236455234416
89467	0.03506271604650653	-0.04466290462239486	0.02879099345731577
89551	0.07516627828554978	0.007639907616693221	-0.09145408987893143
89583	-0.007652891738744905	-0.004754523102855715	0.003743634485664484
89632	-0.031153780781929957	0.017076891581135643	0.02014714710090409
89730	0.013126789779417041	0.020557208466004173	0.022720950643697342
89740	-0.025059429806895187	-0.09570873228353632	-0.09479117352692233
89793	0.00954354371810372	0.003815849480989455	-0.0119974163141843
89812	0.043568122918751645	-0.014562048952753048	-0.008265249896271198
89814	-0.03918172554057778	0.02921099203421432	-0.060621291375656604
89863	0.044817631705885555	0.004954707531996529	0.04581230854857769
89972	0.013146802714942694	-0.013581608779782164	0.0012761867914764331
89978	0.07742170942783559	0.014544992627027485	-0.005125254919362363
90002	-0.03948253647835098	-0.032540480845349974	-0.006443621216970771
90005	0.025853344759057255	-0.011878068744346864	-0.039438524173592684
90039	-0.044155985857261354	-0.01154580021690579	0.007921213393446537
90176	-0.01914818759624821	0.027589621739181	-0.024506944272473345
90206	0.08800801182245158	0.0772258683772381	0.024461775995843253
90386	0.023769693928532093	0.02638016475031351	0.008996515027443903
90396	0.019819402578167798	-0.00011539638297405471	-0.03344929235949671
90426	0.027094208593313643	-0.016872105363126114	-0.04693723824369569
90500	-0.013232069915705965	-0.07032796531762228	0.004778819516769711
90534	0.06110897887373509	-0.06667640121259469	-0.005489696526031863
90633	-0.032254516872741924	-0.05701290796783509	-0.022490912905988848
90787	0.009155245786707854	-0.01028147859305919	0.022234242027996405
90795	0.10188873264754512	0.04091123432639313	-0.03257949502488456
90835	-0.04579508969752145	0.04281934756183393	0.07679206572022344
90850	0.020507477326735708	-0.04611477379342349	0.017029003215038
90864	-0.006492142640750111	0.0032089070969707435	0.006754400872505327
90917	0.05473189639239887	-0.1195680968519344	0.041537151895973505
90954	0.014487371383758397	-0.029390319241484743	0.04936050438283902
91018	0.040398417868878156	0.029215163929054024	0.02367261487213591
91118	-0.008399814802795344	0.04118173792540576	-0.05725730932442255
91287	0.05970225526365846	-0.03566657090380808	-0.005396374942428763
91337	-0.018152007214530832	0.007316110282264563	0.04956342658139891
91362	0.03912398074852661	0.024746376494680235	-0.03392123229675412
91473	0.03354180517711403	-0.006427102399797895	-0.060524660277883426
91489	-0.04219338779268018	0.10762170166406686	-0.05850889170535373
91506	0.0003265220933605233	0.042587938633405195	-0.013891509135197174
91562	-0.006956703505974615	-0.019796930268603897	-0.057231115605238594
91720	-0.011381149587898496	0.03167190729874977	-0.09096541233283535
91884	-0.006524919285161207	-0.07104456848396822	-0.006336112182151721
91898	-0.027198143269124637	0.0012494277029144194	-0.023240923811907874
92095	-0.017176141412765997	-0.021630152672106422	-0.04956249014814037
92210	-0.0005832100031836819	0.09471561646414617	-0.016280499275529544
92247	-8.498958617083643e-05	-0.05589157944711138	0.05038151207475322
92300	-0.053903392324971426	-0.07693150477692764	0.03628760394500334
92382	0.03208937076754351	0.07358390984442217	0.00189662665548849
92384	0.04968080570970096	-0.004377108978488681	-0.020721142723962672
92402	0.05919798348459316	-0.007867758208896023	0.013910645496381432
92473	-0.017682764678971525	0.01848049043012207	0.039404312253688636
92533	-0.0006049061584202458	-0.02064356049498502	0.006929981834532786
92608	-0.021743894370526123	-0.042316043208168126	-0.036981393537374035
92615	-0.03790362875477968	-0.08890293579798811	-0.02176265821634251
92633	0.00746255483618451	-0.02840085459214408	-0.05030984917319778
92648	0.02982399823158902	0.031689233052695	-0.045537102136845434
92653	0.019884306431104923	-0.02903597531066956	0.044903855243230685
92662	0.07363832492551727	-0.06000183462843586	0.08087671576229398
92704	-0.04207920628478111	-0.05773776111777237	0.020369244539444786
92722	-0.014183681505159342	0.021608462354227077	0.05966646702483313
92734	-0.0007882495918904284	0.004495238597810202	0.0076272472432880115
92910	0.005084650944150347	0.03934730439348569	0.02224655633372605
92968	0.07369187951249985	0.07124387351712995	0.006632055447076436
93010	0.0682903162818067	-0.01769095652431648	-0.021075227636417608
93042	-0.020118940891663568	0.023218188331302844	0.04317750190805813
93048	0.013579900084365588	0.07290605996946001	-0.039101113484262325
93094	-0.009522135474504053	-0.03416282457987959	0.014289524194301533
93213	-0.004613279618961619	0.02648757524626636	0.01355142852337868
93238	0.008190417959154742	-0.03495303107528637	-0.012129028663096378
93340	0.04169145006484687	0.11742020318488697	0.043268728825537894
93346	0.014257275526061892	0.01181170753142519	-0.0026790868248387605
93375	0.0011439621086741462	-0.023031003907256483	-0.0012050204199872733
93470	-0.012642240047294777	0.04836749759134907	-0.03694026036361362
93474	-0.0068968372953483225	-0.056072273211728016	0.09523356249559002
93560	0.00384200737173204	0.024535938843650976	0.030863001495569888
93625	0.0545254403408958	-0.018656832992402	-0.007217675278783582
93695	0.04174946957975101	0.04396851362816848	0.01635891160521522
93730	0.047919545094513266	0.046382251917278294	0.041058777708760354
93736	-0.006438075487578573	-0.08613074189407859	0.07113997857850539
94010	0.023787871426416002	-0.0012085344615070423	0.016705136625515957
94112	0.020657838360572254	0.08071979290871586	-0.01980582927030057
94453	-0.002531050037192519	0.0013871485794963339	0.03719595581786237
94574	-0.06346330391037874	-0.01459254479483235	-0.020110686105835596
94633	0.011417911047503285	0.01051150283664954	-0.09608926138461706
94636	-0.02121264673077302	-0.025189515012019142	-0.05445250999909684
94704	-8.934258236737473e-05	-0.04025538554257966	0.03392698981660639
94768	-0.02603236412714896	-0.03153165531936835	0.025860495920213215
94896	-0.0032771005138002526	-0.005409537661535837	-0.028280678203088716
95018	0.0096689413758766	0.05102993058559802	0.0244039641233387
95095	-0.0025983969797179728	0.05498323711880204	-0.03884104860862084
95128	0.024629210298684694	-0.044594331698898704	0.003154043057774223
95159	0.08031715214776802	-0.11532612329957204	-0.015819809611592246
95179	0.010558686198796775	0.02893283603384476	0.014081041631516925
95183	0.057582432965234805	0.02981303285140457	0.007442896531976157
95207	0.03991136766502629	-0.013959081468001453	-0.0484378955560735
95221	-0.010669593217585524	0.022285353738780954	-0.05028762845929103
95284	0.021283590192597783	0.02695047387558128	-0.05779695323730865
95341	0.03060229401747839	-0.030804316774729567	-0.03950570062418165
95353	0.0707390882868745	0.05435711131649105	0.04431228778623618
95410	0.006979451874108048	0.02400135937527356	0.027474832307466755
95460	0.024336804705697133	-0.024499112891183325	-0.014470744231051984
95465	-0.024291529901524927	0.0008896638286803731	0.025661129973736096
95515	0.027284504595279712	-0.004305202566275436	-0.0666988256170348
95566	0.019662338670550717	0.009050714045760121	0.0445968388958875
95574	0.0014203865728752796	-0.04116386085735059	-0.03469033857438522
95673	0.042761100877319796	0.0027555035608849425	-0.001337078065335038
95688	0.011156093978304797	0.009100495704572147	-0.017329296616058653
95747	-0.08107499296266889	0.03648503643107891	0.002724011153434136
95901	0.040333581010673844	-0.06688923910118032	0.027812599798856665
95990	0.030341820640932424	-0.004991304598552347	0.02581614826793464
96163	0.0467473077807981	0.028461334857270985	0.10841680195963312
96165	0.0031259588929355526	0.01480939517964518	0.018290546085888953
96243	0.09710191769372423	-0.002191781343510141	-0.0071650528917991795
96259	-0.008136405252438764	0.015564914573574487	-0.042521581097469535

Biplot	0	0

Site constraints	0	0
