Eigvals	3
163.6831775980402	158.39158290247892	126.86003355751978

Proportion explained	3
0.3941560339909229	0.36908320437224734	0.23676076163682974

Species	45	3
bac84	16.752636779588997	2.693328007603344	-20.235332248344978
bac85	-22.210144387408562	-7.1873264689997765	2.067980663099631
bac87	-19.422379494391404	-24.74181217332981	15.189075367297644
bac90	19.471308434896	-9.616906639177898	35.6180746486625
bac106	25.56057141158105	-22.859942871024458	-27.363147769606755
bac107	18.249875219029168	12.021852284825153	-19.23704503163514
bac161	-0.3857951463620642	26.492704856541486	8.601675575733942
bac174	3.8564218632985354	17.09348131310741	27.79589935029507
bac180	-30.73656773610416	-15.424769018869231	-7.430951569122234
bac181	2.403830731059966	-1.6483442919821791	15.81982158690078
bac185	14.847956692996387	-33.8212393570044	-6.83055330685934
bac187	28.253237938694774	-7.131391817046645	0.6458237081138517
bac190	22.66293801682567	-3.426973450046725	41.446263472102395
bac194	11.295641011888625	24.61503917281426	-6.459240004805553
bac197	-38.52507376643882	7.506698855229472	6.97204186802445
bac198	47.90820250448201	14.021258446556962	3.034153245493502
bac220	4.617560597863259	13.92411297228894	-18.050528232025354
bac221	2.748898804954506	-28.364409369589467	-12.780619461280379
bac224	21.00087465546984	-23.404605622239	-3.2462192750378445
bac232	-17.125139510530786	15.427995807152246	2.419153366463156
bac242	-19.08115123227301	-19.66853324056914	-14.72221333232086
bac249	22.656706730356213	-11.722317371517217	3.0349399442722484
bac251	-38.79367227943228	14.861996302482025	13.967984170051608
bac253	-45.9408948484555	-61.50188393854906	-32.85784499030721
bac255	-13.24043758836345	39.47974610125391	-43.119268268386705
bac261	3.1440683679007018	11.00613032334966	3.5930784358913694
bac266	16.588345276084283	37.97418065225869	-25.999497582345125
bac271	6.84784959248533	-7.516222742531278	-0.7553089495589346
bac273	-11.459912397983322	-15.696391799137231	-16.925591860948007
bac278	17.17189299863597	-1.2715757223096682	36.419751791566284
bac284	-0.26502842166087687	34.39067563984237	6.633130129462946
bac286	-9.446051102334192	21.68760753631454	1.0827932276257646
bac288	-7.156243897991446	-9.645684816896331	30.37662572643766
bac289	35.076836185146334	4.083835203112475	-5.454574731231513
bac292	-3.6173290400161595	-0.7416626047172019	-8.427424020890431
bac293	59.4089076733772	-35.80774489472134	-25.13535594648212
bac298	-10.783508875791155	-35.79785987678843	31.58708874394062
bac302	34.084555986964254	-3.0554980265161875	8.977826192065168
bac304	-37.469240468495286	32.72848619342056	-2.7020707346564965
bac313	-32.49015014601668	34.358282623356274	-5.9396560625342385
bac325	17.10927758006388	46.079643382222486	1.8734365698624096
bac406	-26.35026875121372	-35.19868573246994	-13.287051813891717
bac422	-4.280193014341588	14.10817628465124	-10.862221636830961
bac447	-36.161581148076166	9.950826598581223	3.3407848225960066
bac482	-26.777631799962236	-19.2542767109321	27.324314223142956

Site	641	3
10	0.008536090982984282	0.00656875861508321	-0.018742671627092523
25	-0.027455667535961847	-0.10600148770599606	0.06109915516876919
34	-0.04609523150546151	0.01208639510086721	0.05527108860716626
70	0.0036010388438533427	-0.0036752291132409244	-0.014545300587567062
121	0.0388081861793505	-0.014357738799366051	-0.05652541226510122
193	-0.004908802288750547	-0.03785461044804003	-0.010146997840992808
241	-0.036003703966160996	0.001986221551158041	-0.02477406034658397
254	-0.0361678386356132	0.029707296999805892	0.06779251225485243
261	0.022861429409010484	-0.03439373425161862	-0.027773712648966543
370	0.007195034666887776	0.009412262698203673	0.039432841982501916
395	0.03169866096576907	-0.010542659977930906	0.0811736295560344
408	-0.061693894478068514	-0.0025737305841875345	-0.030069536789400778
436	-0.03099827466359253	-0.00525405409098186	0.023014184248037854
521	-0.04829553202316047	-0.004620170090343929	-0.03838720473331026
555	0.0012796409554548607	-0.03550776278865175	-0.017395946003423004
710	-0.07223303965667653	-0.01766465409865221	0.057504773986265294
834	0.012004670152125845	0.007427666270833303	0.06658904205236386
865	0.022984333230221456	0.031414469826796715	-0.02699085631929528
916	0.0028227615646620632	0.013473433197226433	0.02710707849884149
956	0.006849365036818661	-0.011183280012758413	-0.03776439754588213
965	-0.013462047676267021	-0.009494619169064005	-0.048175565144162776
1486	0.025680375565556093	-0.05721948973276341	-0.032325629038532123
1500	-0.018486708488771673	-0.033148619643303325	-0.012408321770766749
1531	-0.008138692789478243	0.042405060485581146	-0.018845261179979565
1726	0.018759905236994924	0.005514154029365849	0.02641537734014093
1767	-0.03654005121263756	0.05130219126274858	0.028159955123961508
1973	0.05083598042805589	0.016020279396075008	-0.0454645354741038
2097	-0.033750122361958804	0.020205309550534265	-0.02036562476073563
2348	0.03897306531622416	-0.010325504084703188	-0.016503327717242628
2480	-0.009590378962282518	-0.049942918597194345	-0.030832122851012233
2497	0.03267460302802226	-0.029333613228924395	-0.037806032860239695
2651	0.01859391582991144	-0.007999797832551088	-0.0005171665001768823
2695	0.006304445925621369	0.046516954940285675	0.025933284285826898
2715	0.026064936578155676	-0.08599737125713403	0.06879687342353363
2895	0.0017430908005927701	0.040188625298528534	-0.002919999778372651
2904	0.004820240402445212	-0.023801741620289786	-0.02532741425678074
2989	-0.023098095621190324	0.03937517541551029	-0.02948990045732567
2991	0.005590304746529824	-0.03405491061501245	-0.00710873860931791
3066	-0.037515922259961955	-0.0454988540007408	0.003133257438444249
3157	0.06035527089675894	0.03702459905968472	0.010500594187973026
3334	-0.030372565674677762	-0.030502942485060358	0.048199653096892586
3397	0.05876888032463539	-0.007927406830559461	-0.08059278140741973
3512	0.030528273932479352	-0.06934075966965393	-0.048233322505610646
3524	0.03238487557931568	-0.00812340911549479	0.09540485677398458
3811	-0.03039128742283979	0.02714229973212401	-0.031339780317385345
3821	0.003495438331411437	-0.02128505395396307	0.0014440474345630977
3888	-0.02529322415351119	-0.048154196810359574	-0.08470512271321756
3931	-0.03205905516101131	-0.03553676466612164	-0.05978785711698101
4017	-0.0249913442173856	-0.01820655354924417	-0.08130334631928399
4115	0.0526988784489938	-0.00559481037266091	-0.025053422037518862
4191	-0.04044989905654892	-0.021719443660665517	0.015013147434649621
5335	0.041686455080692505	0.020311002018566157	0.035417510846661525
5367	0.03979512084918409	-0.05194069422909464	0.11960156221460079
5433	-0.01038695908592344	-0.00022441563020688597	0.06472573022936105
5467	0.05279509159289306	0.053763657152238256	0.006516537450265563
5573	-0.015681206037819844	0.05225763317798115	0.0247958692070495
5589	-0.013668907692234396	-0.01028904320665148	-0.07434158180464538
5695	0.05120505508457291	-0.040810696367523804	0.000518091117034185
5743	-0.05539676180425816	0.0986230412718533	0.05725076890367393
5748	0.027804782775200435	0.011085580724883954	3.9833565012157025e-05
5760	0.02413724304575647	-0.03517876406839154	-0.05023932234538929
5795	0.014146307678331568	0.04709114950468485	-0.011342977600479228
5799	0.03560375270664599	-0.10371792888499144	-0.12267038752272226
5875	0.02324492280701472	-0.024630214437857876	-0.05218592543325998
6005	-0.031738524150402264	0.02686316999546666	-0.04626949855678352
6132	-0.03812131557739658	-0.036996674941058495	0.024194062900287184
6343	0.02019867976383403	0.028683709852635058	-0.011128647972253158
6417	0.022753111649061675	-0.04708158130622184	0.03231587317006867
6437	-0.0016718735369756865	0.0383598520007023	-0.0007879116356978425
6589	-0.04320465427222462	-0.06291433938280554	0.005130745940921714
6593	0.01415972521585354	-0.00677471735301517	-0.005509458183582692
6672	-0.02211244436159562	-0.019218177728024567	0.07811498237144494
6688	-0.017347433346490936	0.013232980106047603	-0.02504524961958257
6762	-0.01959191274229263	0.04694830823670811	-0.01660400282678951
6946	0.04675734415674891	0.020726034649741633	-0.003133945715397044
6966	-0.005145809978465234	0.08191621329446219	-0.038063408923258005
7151	-0.02531546486722638	-0.029853656660925116	-0.04016975275728201
34494	0.014172746094637798	0.06541520659465963	0.03715055658730474
34532	-0.033862375016095875	0.045307645578171164	-0.02597087110232826
35345	0.02060480202827306	0.0933788828157686	-0.027873036774332078
35349	0.032569637063897566	0.018344847012305533	0.034254921716982134
35456	0.02462076079325506	0.05248176543918154	0.02349050638941398
35882	-0.019046470812492455	0.0057115623616635705	0.002838472441791271
36051	0.054297754528367694	-0.011391566684054505	0.016025636511414136
36254	0.022521090822976278	0.003541833412882741	0.0438990518696672
36255	0.023815672827107375	-0.00907348389406033	0.09575201086513381
36672	0.005675411751107219	-0.019785486467059216	-0.018138069716509858
36736	0.03234758038027042	0.05002586271118904	0.04039177984992029
40386	0.020428829438628126	0.033871084502650195	0.0329293948051623
40995	-0.02929891453823537	0.006503385634562429	-0.01836036215167495
41041	-0.07250311756155774	-0.06271919222661604	0.06312112261654385
41163	-0.07592539330847292	0.02638254551176972	0.02605762766790079
41556	0.020358633258756587	0.04600999189326256	-0.007597458510442701
41670	0.04574252654944867	-0.057004010217669474	-0.0011518221195159078
41821	0.04770120683576098	0.020491375220954063	0.01317513214889411
43187	0.10511869963946602	0.07941865949870688	0.030108177234183603
43218	-0.037907941609609225	-0.01389962615251826	0.007439814832517375
43266	0.0570582716231288	0.036011341915992735	-0.012942763649594938
43307	-0.011350775150269523	-0.04807882598297265	0.08914999443603795
43323	0.027642687291635562	-0.039550439823642994	-0.00630029645755139
43332	-0.008119530603307884	-0.006181364341082852	0.018678071403795977
43411	-0.08444310302072866	0.04348779670449604	-0.01971732965229118
43412	-0.010716157877171081	-0.038916347077551705	0.0020149021124182182
43454	0.0210564846645632	-0.003460409922400676	-0.04227317772279474
43908	-0.0023240204115446213	-0.04458901000095563	0.04044982125006024
44006	0.00267365101768242	0.055093115461023114	-0.009759906482894596
44457	-0.007706157037804647	0.01146006337638642	-0.0512537716767167
44712	0.10151358032848884	0.01757686223119246	0.07500394460275157
44981	-0.0416227287730946	0.003808875332700131	0.03024436839814419
45090	-0.015338515844290688	-0.018993716043531464	-0.04681272109181042
45411	0.07745105477713252	-0.02954569990241992	0.0067353369770629
45918	0.029232982440901594	0.02895820182372085	-0.028822355363508426
48363	-0.04384330693878998	0.006906888598460884	-0.0522279796718578
53252	-0.032239832330298014	-0.009522879598264004	-0.012998902307939977
53346	-0.047626595070125906	-0.017278337278320184	0.004691998176878025
53584	0.060932876548440436	-0.03620046516745299	-0.026812706909897784
53616	0.043688569631157734	-0.04368351392413004	-0.0005608387127893444
53854	0.018176503503244797	-0.0066389478686245925	0.005608987398278771
53860	-0.020905858446641595	0.039147346494045	0.005365832123351367
57681	0.015524808563288316	0.03252025810020834	0.012659711505922915
57927	-0.021341238953874648	0.06258398025772363	0.05423360360925995
57977	0.00015845103930272445	-0.07764540969036487	-0.04525307011965795
58028	0.07369628526716375	0.0075772019200940986	-0.02476794487091865
58055	0.03522274274917942	-0.0008312136355664566	-0.030245460029276406
58069	-0.05541836423205485	0.03742975195368357	0.004272908855984291
58084	-0.014077952005417057	-0.011264453957804307	0.038620785227979085
58122	-0.00963519974555581	-0.039087744904809624	-0.002688565910164992
58161	-0.02360582022055413	0.0030973063573441445	-0.0584513947213694
58179	0.013961084824385626	-0.10164904534272158	0.01750166528538677
58191	-0.04051984784541314	0.01368785077750332	-0.04000721340587624
58208	0.03918297695543627	-0.02521809824923695	0.029307916950577054
58262	-0.022927003281961882	0.004364095597060514	0.04901110798376796
58332	-0.0036753061501357625	-0.06562601633884253	0.03534702091589181
58335	0.00608764018271037	0.05973494889679674	-0.09556097468778225
58362	0.020318378573424785	-0.03948452420553174	-0.026856991111212574
58386	-0.02158487242153072	0.02865481362276627	0.014240901593515955
58392	-0.054928266862427695	-0.03912892219252777	-0.007649404345882752
58401	-0.029624397165685074	0.0003207047959445697	-0.011625702714314609
58409	-0.05671780188438624	0.08919821756531482	-0.1426113094210135
58414	0.06000830037206642	-0.013955270615150603	0.04400285538070626
58415	-0.020370572680392312	0.027051923216291882	0.02238476045756264
58518	-0.027118411704929013	-0.02780405924049296	0.02596075897906267
58540	-0.0521220265560977	0.04824710567415878	0.010715765465817456
59322	-0.004918758767004083	0.01769236649393768	0.06552619697476181
59330	-0.014704642232544208	-0.001518386912378534	0.027183201318505837
59339	-0.06896186531230973	0.006656066108881026	0.04306222277458243
59340	0.08212299728729011	0.020759768429174538	0.021020084479649353
59439	-0.009340876255716231	-0.030438342174873317	0.0008920430219928414
59471	-0.009158115085496068	-0.05606843535067487	-0.023544229551901667
59537	0.026503860671743963	-0.01661899949875884	-0.10122020903044499
59602	0.053573217899694804	-0.03303738127299612	0.004815092145620637
59628	0.0033700656289466888	-0.029801862218674077	-0.04234675874874052
59701	0.05673878607232325	0.030299523256607744	-0.011829802566053938
59833	-0.02309080290945677	-0.017776717511295614	0.01663519011522488
59898	0.0277656911244247	0.025204744056620508	-0.012604067788085604
60064	-0.03372233050484396	0.029921463325343872	0.03311634632158749
60169	0.01890573913554671	-0.02193565466899211	-0.002614868545181463
60287	-0.03153027392371132	-0.045171065863814454	-0.005965994124377446
60345	-0.012064530803410677	-0.027478411736967443	0.013776521129038996
60616	-0.033786580119828095	0.05096112419805875	0.03915685187707335
60804	-0.013908628500981802	0.07993267562523654	0.005306526364859843
61169	0.015133971193262225	-0.02606733222373538	0.03458508744653424
61675	-0.0321150575495383	-0.044934222719129925	0.013397037534106631
61691	-0.056402484667382596	-0.04050675684279899	0.003638953081284549
61692	-0.025119249619588294	0.06917213639651437	-0.014254213295569201
61693	0.017325821444071545	0.003067954539482513	-0.04127033499902196
61702	0.0019554408244254187	0.04068221042112618	0.01565989440667164
61705	-0.03297918263710301	-0.06192564628812445	-0.01200394727763164
61710	0.0020818807718311753	0.04994588560252417	-0.007109200676955584
61711	0.032612702792478715	-0.007828826700536754	0.014992786508384152
61716	0.04047405921657654	-0.015255889524916669	-0.01946850188895627
61861	-0.016268119609586133	0.0933452747168011	-0.0024250725291569543
61937	0.06601660151557318	-0.034454106131322985	0.04796218951033634
62004	-0.07835957385867492	-0.03531841702903858	0.005283362959378935
62015	-0.008345737696806913	-0.009116584973835178	0.04219314566161607
62019	-0.07537922490744664	-0.03533053682273936	-0.02218415811862728
62022	0.060252105185746196	-0.0044700807542751185	0.08746087051717592
62038	-0.0020578941815798516	-0.03494719346119784	0.015409573281865818
62048	0.0008561081631853725	-0.05038427708752745	0.056102065048048246
62056	0.053624422112055044	-0.012611173348609924	-0.002230234570855269
62057	0.06605071804688198	0.012057686918254758	-0.046921945975667304
62113	-0.009903156681982979	0.01855916493900966	-0.050995740160545575
62261	0.0293468011877538	-0.0363405161479468	0.0024160827257955525
62270	-0.014592898389834212	-0.09871456419487666	-0.02274383947338824
62271	0.04160053663894585	0.04197442384133967	-0.020214834963345005
62272	-0.002206086328264371	-0.020821530306850206	-0.005643394729467147
62275	0.0103985300387446	-0.06274881638814246	-0.04966193023975886
62278	0.026199278882241755	-0.009765269491329569	-0.057566061688305775
62281	0.034606929664846416	-0.031053084105040683	-0.04886874972645644
62284	0.004578631805985452	0.0022885681892289554	-0.02119689333560362
62286	-0.07529170891081954	-0.008929833776253001	0.04349666010098518
62315	0.032486261822170626	-0.012664878398106564	0.0162717294931111
62316	0.031133756298352282	0.04713599559106708	0.08775352471189608
62318	0.010190274400839918	0.016680051002637915	-0.010586353034703622
62328	-0.05765280492572854	0.08406897179010919	-0.010047092223237434
62336	0.04102053023527533	0.011800921232308423	0.03566652083046775
62343	0.057143892525335645	0.005360671103634547	0.025504095580730062
62388	0.035129318179994026	0.008726361472659792	-0.01511286342751467
62407	-0.03180750769137905	0.0011534325399342202	0.017976919850345895
62408	0.06321984395118259	0.07275076235183776	-0.013000013488315015
62464	-0.005867962227548955	-0.03547147527616544	0.02773673153328879
62494	0.00869360735560116	-0.041737753881128825	-0.03241797337875728
62554	-0.0566923256126371	-0.03552021846299735	-0.05572534456837872
62619	0.03913291466894323	0.017442120593350135	-0.016210500574468045
62744	0.020292322684674173	-0.021128070142691236	-0.016328850872872204
62785	0.024624973111576933	0.007119564192033301	-0.015187073322129287
62803	0.06225440130140321	0.014193046033918431	-0.05326768515644283
62859	-0.07351976184978605	0.014403334378025923	0.0012943638057352532
62905	0.021129540153483607	-0.08588284727825343	-0.002497507118698418
62926	-0.024583054816351767	-0.04094826243074992	0.04458288852689811
63100	0.030567834741465887	-0.022282280696264384	0.01184715177725351
63104	0.05848165217584242	0.06338726081081644	0.029030881549677694
63425	0.02479724353244562	0.02001889852807907	-0.024333109876374614
63617	-0.06340267571277465	-0.011424349243362218	-0.027033043665487262
63646	0.007935784293687936	0.06443216260291305	0.03838842508716103
63699	0.05955319418276971	-0.00742592648223725	-0.0764496681813495
63705	0.030032787736618296	0.0013598414540662192	-0.07574085731693968
63727	-0.027167631562817637	0.013135630535544302	-0.0017920669344846719
63788	0.021871518157595558	-0.030430432582436426	0.019612377694030275
63913	0.06051456649565383	0.023486891978030316	0.009250971905197426
63919	-0.02202736232726488	0.013103347542731967	0.009794669892210586
63967	0.004987390373317597	0.06453566798696261	-0.018113761718119167
64078	0.03473910192933424	-0.01817655277607866	0.10831499134257741
64348	-0.05632468075797013	-0.04715607380144717	0.03339077055681096
64442	0.0755352840159718	-0.03301324637983418	0.02476327464210142
64513	-0.0367286478679466	0.011704713961856001	-0.035555813935515046
64569	0.008008053218693944	0.09232383537391588	0.07259858942704686
64605	0.008831326338380362	0.013981751147979608	-0.03363596282324516
64754	-0.03250184665502058	-0.04934010863478577	0.04968172156938945
65531	-0.0005327114483854435	-0.011282914168069588	0.0480226349531511
65540	0.020512389794751697	-0.049002224831981696	-0.022324895403811777
65561	0.06000183717296269	0.05136755415659336	0.031486062425338864
65619	0.035271226047227835	0.005520576910709107	0.008102056759731342
65659	-0.02370932067855662	-0.026404326794280952	-0.013414257409846916
65718	0.0855167373109177	0.00395412618913068	-0.0715302698632027
65728	-0.0373626181718327	-0.037838305584401696	-0.07118990139753659
65738	0.010718109061371191	-0.010436780919120446	-0.06543075871000074
65756	0.0332224018363638	-0.005504887517031844	-0.05091195062786477
65951	0.05666862368131981	-0.024042774587546542	0.01437723067868836
66028	0.014351979407920493	0.068545420225332	-0.03373905813312025
66097	-0.011762472385352133	0.015724937142069573	-0.0740527178284274
66142	0.006700380038297295	0.007547954924610851	0.0211648409185218
66157	-0.0667897711100183	0.004877987323123851	0.05376549832665909
66217	0.005951658486663652	0.014911590127966766	0.06777051895527052
66242	-0.01927970003763518	0.02728815005183342	0.045158238747191215
66417	-0.0343179611310448	-0.0466129993143311	0.03938549899197174
66571	-0.012165428567669594	-0.03310419151411254	0.018795144359294975
66612	0.03462678540308744	-0.005610173904049669	0.035699983455852714
66652	-0.01326937305530043	0.04660942700009589	0.043060866951321296
66654	-0.01500595531837802	0.09791439029643528	0.0376746899197099
66700	0.05467440055415631	-0.053261809822375335	0.0197208369392041
66747	0.010672494085717176	0.034129329848243094	-0.0026514508021387977
66774	0.008030091917576533	0.004892188553462006	0.10580402553485574
66970	0.06418915016580437	0.008159850509095325	-0.008474014436380612
67000	-0.0052356803377862976	0.046353309652583316	0.0037389317623391914
67006	-0.016208626817436483	0.021489846598179506	0.018082786212044594
67093	0.05323440344164858	-0.05585050971721579	0.04993544313581461
67111	-0.05424217743230948	0.004101410448214229	0.011455413774125678
67112	0.052355292068657244	0.07142234968762773	0.035060823952796936
67128	0.02621120400401526	-0.02403416013864741	0.07157588912021212
67242	-0.006144719138513983	0.057810969287784876	-0.016542287507938517
67413	0.00622570578007518	0.0734873863482216	0.01747425527539923
67420	0.051766728127185024	-0.027758582230196973	0.01868737199330444
67423	0.01695113130311847	0.07455178850113998	0.022666141331763957
67475	0.023189418253080612	0.033840779800620745	-0.0025211125170621963
67478	0.032777098156986324	0.028320459793370282	0.018010061717038922
67547	0.022759818753315793	0.05610452829249918	0.014264346319698286
67551	0.046309878089154	-0.02667484830011911	-0.03213977533800925
67610	0.07596034888356976	0.039108908959988954	-0.022088582288334248
67754	-0.11496658148656629	0.03983658819782385	0.031081156407895747
67924	-0.06528556147232642	-0.06926678543446682	-0.0419088825769063
67982	0.05702267295600843	-0.03997281726895668	-0.001560479623461981
67997	-0.010009598607879918	-0.002971707128435534	-0.06096169970920886
68011	-0.019806990931977016	0.0005665797183271486	0.03155943545857809
68024	-0.011465737668298642	0.008668268335053823	0.03635499908053718
68076	-0.016702199645278984	-0.014631825344790315	-0.0029459939143942145
68089	-0.03401970457041287	-0.043502934644113	0.017121060081664075
68230	-0.05548125628240999	-0.06913665888863368	0.0664951345176319
68291	0.030778009824177277	-0.04296849891500924	0.05359980037674485
68313	0.03414590747308846	-0.011718618262890937	0.001636347270511436
68411	0.009114155149174182	0.005573981681371045	-0.01347615690297263
68596	-0.01108641896588773	-0.004344633271472478	0.005562206832813579
68637	0.03428811672144419	-0.02374377139951311	0.005341672510005125
68666	-0.04063457498024528	-0.03413339869131202	0.0017556669483976125
68705	-0.03245263340999017	0.047643971924164814	-0.0013404167990643584
68833	0.062369914939216016	-0.011247212793992711	0.007286810521079142
68854	-0.007646700265874822	-0.02310320200595288	0.003997522519153077
68865	0.042926140040984384	0.005124100200322978	0.04209018850519958
68979	0.04702227156639236	0.020511272908112912	0.0052463003416546505
68995	-0.059804127515945424	0.0644431868605885	0.03803693740251782
69002	0.07539353866339639	0.019807416193153488	-0.05950079025978455
69014	-0.07024042443630324	-0.01383498075104689	-0.00458501581393127
69125	-0.015420490355228857	0.05044474855185736	-0.007204157918830856
69152	0.028220609080804603	-0.001032493216441869	0.007522383634650545
69167	0.02914041582179173	-0.054122608247159	0.056069204983839833
69289	-0.0018162695009549539	0.06873878725903382	0.042460482077128485
69304	-0.08607929457174968	-0.022377733424812172	-0.06572127106607524
69312	0.012205640162335272	0.00488482372948433	-0.010316366684807452
69322	0.07979576227855063	0.02497399044066009	0.03811674295602554
69325	-0.014115293886898061	0.06906421654043227	-0.03980814488602045
69350	0.048543600900774704	0.07011900394645948	0.02678145473340396
69354	-0.02775904397905567	0.016739286581847448	-0.03623247066655055
69433	0.04767742939096353	-0.005541540986884701	-0.006039834160574214
69440	0.00023519147315140035	-0.005271973656754348	0.08325490383798607
69512	-0.06038950806180577	0.013399081585417466	-0.010569562267274988
69559	0.0030516861504473625	0.0030327879202346414	0.08977594547053497
69577	-0.012984893894161999	-0.03511995581230358	-0.056813937643072944
69627	-0.02977644400039701	-0.026671746733740318	-0.03198403576286319
69638	-0.0056272600117662115	-0.017303446043129278	-0.00577656138815263
69686	-0.0020118123336250212	0.000839040464003327	-0.021759227481120788
69739	0.057546862576750034	-0.00335755697381125	-0.054593437157613535
69744	-0.03616512156068444	0.01005756162396558	0.006500814040094742
69897	0.0902013143945214	0.062334750460593065	-0.020802636801320985
69898	-0.003500698017487285	0.07310800373315754	-0.03366227682152198
70068	-0.018021852644872355	0.02738620168723797	-0.018824496257265132
70218	0.02213653447101687	0.03999598936105113	0.039469298994557506
70260	-0.033609572409636516	-0.07923493353700013	-0.0006936613064448447
70323	-0.0770853926702358	-0.009144001161243696	0.02817755544483344
70333	-0.004984349520312064	0.017107874638392993	-0.04204076965327672
70430	0.009176903939727869	0.03981269387679472	0.013805792635822715
70527	-0.016793547331364136	0.0013048638834835511	0.023657292996383847
70670	0.047952884714288	0.04230801588760581	0.04752707301340955
70682	-0.04982192034585798	-0.042268587482156054	0.03314779073026538
70795	-0.048711153346321305	0.04168330600548691	-0.03596757079698127
70801	-0.02601316389637931	0.02571992476163014	0.034283119702752496
70848	0.006859729525207298	0.006639172932085896	-0.04719409741398366
70912	0.030380394179204108	-0.0300100099976941	-0.036000237402339916
70914	-0.011522379906140145	0.009319769582624475	-0.022467856590394027
70915	-0.002638658958067031	0.0034055346652579073	0.008705336267615639
70959	-0.0849249167059888	0.024974154395461138	0.0398220414261337
71040	0.009196847694768874	-0.010680706077148263	0.015467489045089078
71051	-0.07859489324597797	-0.012324590952688912	0.0194410779712846
71070	-0.04610590083643347	-0.014259459374236389	0.03747835312176548
71091	-0.014168163411132242	0.027354867549171605	-0.031199665528559187
71103	-0.0003972952643028832	-0.022583082867843832	0.0218649589016813
71166	0.05066119615572071	-0.007554770871281582	0.028189870549227055
71174	-0.044090862362979766	-0.040204794875679496	0.03404086484150338
71191	-0.06759344132592185	0.04202902418390399	-0.006378436503654868
71373	-0.03220848400338581	0.04705173187437497	-0.03026140030313651
71431	0.004825224969429009	-0.01121244290765117	0.03149722797519148
71528	-0.047397704661759514	0.005959127798902734	0.06573710736333922
71536	0.0025947986638792295	0.03263599237739604	-0.020765759155855868
71585	0.009645244939381549	-0.01709552444042545	-0.04885526407838303
71590	-0.00510189709472158	0.01134636721149294	0.08306156276415769
71777	0.0027871493898658536	0.038461472760386924	0.010374321376559055
71780	-0.0477636210920477	0.009520356926811153	-0.08290969305665481
71788	0.014817810565729065	-0.025519649281694416	-0.02219119388334799
71870	-0.0028223634296345524	-0.01862373428916172	0.015395538770376848
71906	0.06417187559561105	0.04637688929835922	-0.023044921658706186
71987	-0.061857198877915645	0.022989639623149986	-0.06823161244133354
71994	0.04964837429200196	-0.004060054737094183	-0.010003631137415356
72156	-0.011142524560732552	-0.04178847485591144	0.05064858648260395
72199	-0.028239136598950765	0.06196640457650067	0.0595197596397871
72331	0.03756246023241724	0.0461549703611626	0.0006939132663633475
72346	-0.05432831454379695	0.08290313599499173	0.004943418934348164
72381	-0.01971284977340929	0.016618834264644406	0.06121674951582714
72427	0.017705732166048264	-0.0028945654228463894	0.010539543327515024
72518	0.022518623355695024	-0.042444131209611456	-0.009516624035940646
72519	-0.04096527124269091	-0.045612717517299346	0.02130927048238381
72532	-0.04449135643667373	-0.05298864511666086	-0.10944295417914485
72556	-0.05021791702853951	-0.018559228772970202	-0.010505652742463593
72683	0.07564324386220707	-0.07007170047472878	0.02373862588727366
72704	0.016734877569020295	0.027702684762577263	-0.0026018119095912416
72789	-0.01108750833321957	-0.0010925235969915723	-0.007561851726055142
72840	-0.018530384258246286	0.018186392882607167	-0.013066117660215693
72843	0.04106748405102299	0.0786899234440053	0.02045600061157073
72848	-0.016676934592756487	0.08547985217814225	0.012636735771280676
73021	0.05354585168015672	-0.04368766293600661	0.04546931874680582
73172	-0.0008819911423287413	-0.014438083734928714	-0.026986176310526362
73200	0.03954174972201436	0.06184135734032137	-0.030403433719494256
73226	-0.009636698674898615	-0.05634640344405526	0.018628121974821537
73283	0.018986101321424424	-0.01105771291801539	0.01901392314184106
73366	-0.029049632629798573	-0.005783779632120963	-0.005245188788962659
73406	-0.027060834995342103	0.035455044093704216	-0.0003379433788378893
73422	-0.024757220762019062	0.018168540714009137	0.09081757776984756
73424	0.0070003859879524824	-0.05365385186563275	0.041409344486425734
73480	-0.005783886864279069	-0.04008868138922274	-0.015478839035440655
73489	-0.07182483501185491	0.013205441712088702	0.051122028909080956
73498	0.04137008752667866	-0.024443095546237314	-0.05120420071044712
73499	-0.0032281245236544785	0.004723566095248403	-0.008650448615803061
73506	0.0317966073494782	0.00812971263865854	0.0342598267662867
73510	0.032062873573750414	0.02085491064718463	-0.0506772622316334
73832	-0.00310575889174446	0.02109135454332038	-0.017786756795280342
73923	-0.08970581893280674	0.050705760302820535	0.015050580685911356
74032	-0.02188011000038922	0.008668677440795382	0.08733375124780639
74801	-0.012172372710065117	-0.013976937250686928	0.05526895022282323
74917	-0.04678263372001775	0.022610801775096525	0.008517413958617891
74936	0.01763876412309563	-0.05381823470332296	-0.046726571246440717
75330	0.049584538639194584	-0.03544772249764611	-0.010695135623182183
75446	0.06119678849157221	-0.050303699437304075	0.07177677869982976
75537	-0.030749017662855038	0.046328683150199106	-0.006635484465268275
84073	-0.0031776254993088754	0.01993086405470837	-0.013404369129938877
84469	0.043403085308410715	-0.012916347415198629	-0.04848414939879008
85231	-0.055052919908751476	-0.01642006165137942	0.012690551718116288
85232	-0.03223349853445036	-0.008603446266707828	-0.04820034595878736
85233	-0.027666626175154998	0.00778747962084956	-0.0735813116525926
85240	-0.04340848000378347	-0.043343336253547735	0.03438032581758485
85259	0.015317668086176883	0.015146833793804833	0.04758392973233561
85267	0.03753726544796998	-0.027009249722442574	0.02176950400547206
85274	-0.027196963969907867	0.019872641040554768	0.0924287387068877
85289	-0.032138695485968115	-0.001727451718392965	-0.06976288714819492
85346	0.013026691119880092	-0.007094483706151596	-0.0333332337697381
85390	-0.0415173040845855	-7.466194642266831e-05	-0.07385646560811783
85483	-0.030597377094945078	-0.021090132450421958	-0.11300118466946751
85543	0.05606057061948908	-0.03844269234407642	-0.015538823177426114
85578	-0.019582721307933777	-0.00817686805212009	-0.03660821118810694
85618	-0.01049328309133315	0.01022231194032871	0.016000146510747038
85619	0.013192436409857514	0.01965890703742507	-0.07412472743181803
85637	0.012100883652964668	0.03890028793216483	0.04823705503167659
85713	-0.017461016427201593	0.1277861032519555	-0.044074500322520985
85714	0.07398440430540262	0.005573525354504512	-0.020186794383912153
85716	-0.014468663137112925	0.018996736084330473	-0.039127206452354
85739	-0.01081611178513119	-0.014050353352931179	0.014854256139978317
85744	0.022154397159586916	-0.011516244547499124	0.01239504281034256
85773	0.06454969556870979	-0.020355892846028806	-0.056392797113151524
85782	-0.030945447106967408	0.03624184376197545	-0.05179005980122725
85916	-0.004008997481370663	-0.059361231175103765	-0.05371324366768315
85920	-0.022303199896754947	-0.05430944527383026	0.0061985853887138054
86188	-0.010025774698127831	-0.05137350885140997	0.001201843299422354
86208	0.018910179187248372	-0.06325927812125903	0.028320977054371463
86223	-0.0699117437706258	0.02567516037242093	0.022348002025488277
86236	0.022929569065356408	-0.00617627137874455	-0.010436448404624777
86262	-0.053885564044681276	-0.09206203379197808	-0.03337089158011788
86263	-0.03422642787955549	-0.03389959943482212	-0.0063727265602287215
86334	0.02339420219460172	0.09093320348928939	-0.0057235517221540695
86341	-0.04544315219771367	0.04484594226540917	-0.03380014579367282
86342	0.025632857782449916	-0.032112450599483304	-0.03644203641183313
86390	0.07231733448120721	-0.04252512458064634	0.01800569182122683
86412	-0.021030887640048113	0.05842840248906562	-0.023065618629916605
86450	-0.011698749871979735	0.009412426692620678	0.05758797214819868
86464	-0.04873344504979902	0.04913479325094376	-0.03070964850015432
86472	0.016004363032689768	-0.010319309098365894	-0.0568305663115554
86478	-0.013728794668807982	-0.030198466743247842	-0.04736862829888633
86479	0.0026968714195555504	-0.011572744707749326	-0.0017086734588312618
86486	0.0003375895443889662	0.04854101773767444	0.01834948402609359
86489	0.009114464468996435	-0.07172220836143021	-0.042820575196210506
86525	-0.02442340683024109	-0.010082273100628432	0.041695176602691855
86545	0.0496350828149929	-0.0659374713315502	0.07012220853173133
86592	0.06119598142129565	0.05436169412086522	0.02636286338844336
86625	-0.11961269142051124	0.02171385417048091	0.13283877315507736
86645	-0.027468785788136815	-0.005159850208118566	-0.03267983566416525
86656	-0.04994370449901029	-0.026039302013313618	0.03774761971751514
86659	0.018774780155108566	-0.012441464607230425	0.0713737464223746
86666	0.09106059575994034	0.028988920177782915	0.04989485817018442
86753	0.06376870741594669	0.05273090144966304	0.04248029997695985
86766	-0.050452813753801354	-0.023449558962279477	-0.03641562411332987
86791	0.03014836569482885	0.04913259534304053	0.03488256884330721
86803	0.02879937401164083	-0.027251728417533663	0.007523344814933493
86873	-0.1238711051195063	-0.0675771523779499	0.009093614390849245
86915	-0.019295958230686836	0.004770711186642132	0.04574460113169075
86949	0.012416799738265467	0.033294008181677895	0.014177448721520663
86951	0.002444661417569665	-0.05862480239653868	0.006547035792261911
86953	0.06025355057530615	-0.0004659396868096856	-0.04321346500470642
86966	0.024951161262721733	0.04543157829867718	0.022177428732393013
87001	0.014433216706397408	-0.01979832929522655	-0.007398072759341063
87013	-0.08181411559062571	0.039292717284697985	0.0037855936412463436
87123	-0.017354853995232244	0.046557187207875855	0.04876601751011385
87135	0.015444270118412878	-0.017291313255352762	-0.022840196842409528
87163	0.03998037941010066	-0.005922953199683407	-0.02363695062138168
87182	-0.05798823453852188	0.0262426374169537	0.04616832840572771
87286	-0.07645502990024593	0.007212552394025009	-0.032529646905379205
87291	0.11100060958296605	-0.048763815145675356	-0.010485666167200485
87294	-0.06562019343652355	-0.03643851174761536	0.027206612893581325
87295	0.045195906996833735	0.02209007949997466	0.04835780038319029
87299	-0.03748215491252824	-0.06138756341614249	0.00812045186967218
87316	0.027999074823410613	0.029312269143931983	-0.021101169191557682
87332	-0.019530903186893947	0.016422428140104094	-0.027212170911531924
87337	-0.011737881146312863	0.0667100736477037	-0.002205256439214009
87338	0.028852554463219746	0.02386032614034931	0.021297315902225698
87362	-0.0035512435845805736	0.0426717486801481	0.0753866943021844
87368	-0.0059779006074021515	0.03254334192066134	0.024895320385501556
87374	0.021315321394529504	-0.019553789354670136	-0.05382078857023411
87376	0.003749433273277158	-0.015866023488605746	0.0020067366455859084
87393	0.033602237166651366	0.0029653056857280808	0.01394192714360399
87394	-0.04108487069530721	0.022331349999981383	0.04360923891637026
87429	-0.012804434225460739	-0.0504402780219849	0.01706480120080737
87444	0.01597982832501542	0.032319581824078805	-0.0011907658509284207
87473	0.049933285892435765	0.02322579167557803	-0.03961847648109031
87488	-0.00690544528175713	-0.04737607147218173	0.03832029107792417
87519	0.07485065935741421	0.016247851195528306	0.021450821621635852
87569	0.05823800823352448	0.010608733422849171	0.023510821001982856
87620	0.017249819618966194	-0.0503163639599307	-0.028250588835070957
87634	-0.04824510432560285	-0.06067497887853176	0.0541644961909231
87635	-0.05158301281760827	-0.03495460330180758	0.04875091649685235
87786	0.05948189167899848	-0.06577826372318635	0.0358297492488646
87846	0.0161891737403861	0.023090485443437885	-0.04180412866363328
87854	-0.009183333714268646	-0.04600610435153451	-0.03510474120997251
87856	0.0076466502348016075	0.012192217068095208	0.01878913711271215
87870	-0.01299717038128889	0.04194868942189899	-0.01751988971775916
87905	-0.05040958634616935	-0.08404394714811834	-0.027652417748370326
87975	-0.019505022829545943	0.038485260089180844	0.0020883913486631368
88013	0.006478508133857285	0.03580836398445173	-0.02864472118453685
88066	0.030089081682030044	-0.02443095811996461	0.03487361993711792
88174	-0.02847525661652536	0.09722443615803934	-0.0006369429661653811
88199	0.00157907759920018	0.08999017862632577	-0.01435743554196103
88200	-0.023810245335325067	-0.007383538356035239	-0.03896084438050913
88215	-0.05745324231640132	0.04725053276836611	-0.02191867347239713
88285	0.020011775995487202	-0.018059631412504405	0.019961263060631514
88296	0.06262649800395921	0.0023721385465316778	0.029288422711150713
88359	0.06043296636197206	-0.02965126232239487	0.03951452724585271
88396	0.010749338679391261	-0.06456633222622125	-0.025280966286386184
88425	0.030347458760829	-0.013334930185336269	-0.017789586916655227
88487	0.057059554250621786	-0.025954905740894478	0.02397957081310092
88500	-0.0032003757582102954	0.012175844891336787	0.004569173211324427
88518	0.04876677351042242	0.016565995293711538	-0.034940462406584084
88528	-0.012502057731849855	-0.042927860862501624	-0.014530224422766046
88667	0.061496705251323475	-0.022972576332680825	0.034200795941166415
88739	-0.04663834729698518	0.01631787549185851	-0.04979830871885431
88773	0.01736821061896111	0.007259280884137519	0.01374933144510355
88776	0.038163832197449434	0.041937730682506204	0.008749925633048595
88916	-0.0003960248104190567	-0.015289702021522402	0.02447982075567775
88933	0.008918853159551689	0.08777542093923266	0.000732431991474432
88955	-0.06525544247830757	0.002717917464161368	0.03771146787438068
88957	-0.008257089567162708	-0.05876042968634831	0.028750586348461893
89006	-0.06538668433360503	0.02716768460831917	0.035103209568424026
89072	0.07619568284497172	0.029009991165117065	-0.061303274179688415
89079	-0.06134081448793799	0.017085021518524927	-0.03861940210282552
89083	-0.002035519448958298	-0.017926884551249876	-0.028645085491874143
89104	0.03506037126238844	0.04043232301597163	-0.018096579211459556
89267	0.05933357973710521	-0.014230463407939258	-0.022612165057648816
89288	-0.01474434926671495	-0.04665610452792387	0.045733373152570346
89290	-0.07564475968682871	-0.018874347652324566	0.01709631008106999
89363	-0.0462135719572137	0.07545974389978118	-0.040709820598551584
89376	-0.024253281650148322	-0.01822822132905107	-0.007495655107060906
89394	0.012455222379324313	0.015022604848180268	-0.0249035652229496
89425	-0.05286518153859597	0.04849351835575763	-0.04393551454331476
89440	0.02928854291243027	0.05941662376484396	-0.05405484222686723
89460	0.040081013883790734	0.0789008296819875	0.007886027316952903
89467	-0.03621020464613896	-0.032094181230516765	0.013218092834609467
89551	-0.0004695831890051569	0.026181834334606857	-0.018192364729445604
89583	0.04946383579213753	0.029123731176938297	-0.04828109865048817
89632	-0.02402340411072817	-0.0009005690621773039	-0.055962660260792996
89730	0.0005481241311065061	-0.03006372816670502	-0.005518837508973499
89740	-0.02002557416014046	0.01889973696869775	0.05702164196072819
89793	-0.029834586714202346	0.02165966146374899	0.00011547153064116686
89812	-0.01081876405625613	-0.010769940107197968	0.06820728140809357
89814	0.03172937207190352	0.017809624261557837	0.042332377104857155
89863	-0.009592023153181788	0.020412958774199956	0.0020407725811434005
89972	0.025442980359907857	0.00982546896106361	0.025597831788849383
89978	-0.0034647038442896386	-0.02093829904542914	-0.07139227449396666
90002	0.0009563988859401651	-0.022585785642543252	-0.008384806105843204
90005	0.02176144267661908	0.019367131822462757	-0.007650287301025165
90039	-0.04060924199027047	0.031125319250113723	0.05683843709261639
90176	-0.019063118988259256	0.04741174958803602	-0.032171027757580364
90206	-0.052358420328461365	-0.04992214186279962	-0.06288214546676031
90386	0.004365058023990675	-0.011108235351476186	-0.04018634460383758
90396	0.07182210787328935	-0.01108768927748145	-0.03594267620327608
90426	-0.0008390889802863055	-0.006510897097336048	0.028438690429320544
90500	0.039915595664391915	-0.014746207166276948	-0.03469218215460129
90534	0.025606509096293476	-0.05280742209504741	0.032455340513503836
90633	-0.015500940508844088	0.0035442664903250817	-0.014449573157441428
90787	0.08344173489763014	0.01998800675794742	-0.006428873812657272
90795	-0.02049347774405332	0.034477201307147	-0.04456906841606057
90835	0.03040785350997743	-0.02701407446773535	-0.03672602631262083
90850	-0.03753163482022179	-0.08088831881881912	-0.004377386763339629
90864	-0.06592048266076962	-0.039540464105296075	7.65530991330053e-05
90917	-0.001236173904454368	-0.028515188612379606	-0.02933102870138655
90954	0.02597557948799977	-0.07927365079372187	0.025896955190251533
91018	-0.00450342981234835	-0.008067010444770898	-0.043551081144746914
91118	-0.047598296109320794	0.03970279369684362	0.01740812068715803
91287	0.03210551431290867	0.03348762203968289	-0.025885957926694538
91337	0.021787709722542518	-0.06756252376347426	-0.05865639883818668
91362	-0.005097012394675854	-0.029418470586421917	0.04551419143167411
91473	-0.03107558182861861	0.024713892941522722	-0.021362824655262676
91489	0.06447580159904046	0.04948610219577011	-0.039958537864432195
91506	0.021981919334203664	0.0032642184175993524	-0.009778305577689902
91562	0.0098970794024603	-0.03531750633337162	-0.013074520369463744
91720	-0.036682114614875395	-0.010444516882296955	0.007764074259617254
91884	-0.04513452174963475	0.02441569133491291	-0.0872471509506521
91898	0.06062865222078577	0.019730791929298937	-0.018070352684279107
92095	0.01320302220923725	-0.0135947737179624	0.021122934126244247
92210	-0.06000097026182386	-0.013514493881323739	-0.035874426106468654
92247	-0.004776815405385382	-0.04963077672422123	-0.013178019707796713
92300	-0.05483894762137918	-0.015425680222625512	-0.0019946323882949033
92382	0.008672754766903061	-0.014614443824340635	0.04418369676034984
92384	-0.06430067084091441	0.07398569071431688	0.006112797791430434
92402	-0.0024360532526445113	0.023201464453763365	0.002982956935714743
92473	-0.07098714584513993	-0.00151876080390728	0.05871129681187333
92533	0.0034476273871868364	0.04260827102370283	0.007490949652401461
92608	0.0311246955469971	0.0018287553343950378	0.020027106381815738
92615	-0.02884540287817422	-0.02690506542361732	0.04792651493032683
92633	0.06895352055049067	-0.04268315607015594	-0.055894266465382494
92648	-0.03642175449507441	-0.11419964503534942	0.00382863605651357
92653	-0.014111997077931088	0.042550303302023945	-0.007361248549949394
92662	-0.05302640717643877	-0.07112780708890754	-0.009146896017661306
92704	0.03833960275987536	-0.06575354052252474	-0.04472540948989047
92722	0.03573311743417255	0.034504234127067275	-0.10192531648751217
92734	-0.006802303521114402	-0.08571050025772373	0.07804831821965576
92910	0.07791177691161424	0.02723362281667637	-0.03367703720337326
92968	-0.057501648493669406	-0.04291123549867873	-0.09511368451853176
93010	0.02196973590448979	-0.060800174246903725	-0.022299587652279462
93042	-0.04196537944708444	-0.046354838313480966	0.016661771645309714
93048	-0.084891320289218	0.010283662608816678	0.018413176195052658
93094	-0.04735933549870324	-0.013680574254552097	-0.05782680872780989
93213	-0.03136277781836001	0.05735598919403251	0.002879109857796899
93238	-0.03302095346353929	0.0890829710999009	0.04307480924626593
93340	-0.022984420933778983	-0.01241227064296793	-0.05435832586505769
93346	0.03709434903511495	-0.048919943698891084	-0.009711140573744607
93375	-0.026557266799218503	-0.021666997846345768	-0.005271652169311108
93470	0.017165979527262242	0.008380424586512178	0.043088342351608494
93474	0.00256392190465462	-0.004295383888237109	0.026078919536270694
93560	0.025173503606867726	0.02107784131735401	0.002810025289830891
93625	0.018162264336439044	-0.08649409993285133	0.012653571135027297
93695	-0.013699308507805213	-0.030917325417047593	-0.039839799954146445
93730	-0.07194454648761221	0.017299291578389643	-0.07077394544081396
93736	0.000604520678930905	0.015445591970160183	0.013155645269762565
94010	-0.02092811471289329	0.02348941155300108	-0.013946245152011759
94112	-0.04859712172487537	-0.005592260825242126	-0.07773344196937615
94453	0.031559787551982126	-0.01633441157770299	0.05268808448540792
94574	-0.026739689873013513	0.03435199550997535	-0.08154556236998911
94633	-0.001785264237566824	0.0013914408633557145	-0.03923328735857553
94636	0.02968011693841697	-0.04381918548907824	0.044111510485112984
94704	0.0019333984831265713	0.037031615201198735	-0.009202424454477973
94768	0.042351986597147236	-0.04357959921740592	-0.007631314163929762
94896	-0.0004213610381350167	0.0735828332976477	-0.029623297038175997
95018	0.05124122081774097	-0.029733157005715688	0.012671303422687956
95095	0.0024792522407603343	-0.030242788809605688	0.004569412957620472
95128	0.024708764480968967	0.007103149209114828	0.021413997501109623
95159	0.03871825415025523	0.04112123442746898	0.03248609383158471
95179	-0.02999143341214378	0.07048956196821071	-0.027474810928401903
95183	-0.04254572388512389	-0.051184198226283735	0.023015115412390215
95207	0.006976717923098297	-0.007707538866936176	-0.014084029920823518
95221	-0.04233883602710305	0.012837774007661935	-0.05033456904981226
95284	-0.03913411970774793	-0.06140546132075287	-0.0022563530491597175
95341	-0.06327299706807005	0.03553185674109099	-0.06022626990440101
95353	0.019130764920650172	-0.1280639098383161	-0.0035205355130044622
95410	-0.04221696263724322	-0.027249020582824822	-0.02243694598747749
95460	-0.039072031845577455	-0.024540740823711365	0.004216581424966613
95465	0.031610973032250814	0.022471835844992752	0.003974916250519879
95515	0.02935517167888618	0.013235315064306856	0.014698760238562904
95566	-0.0654092117691484	0.044197012856332575	0.039259504857128875
95574	0.023542812864079422	-0.006738712454297614	-0.013759417912764502
95673	-0.00911903456851537	0.03283472383304004	-0.02447079980921842
95688	-0.012460592755241248	-0.01813411263917155	0.04539973824147836
95747	0.034358532624183515	0.022861141589229732	0.004815550295697537
95901	0.020473593656610254	-0.0007103843965914331	0.020712861248771072
95990	-0.031575935035304155	0.0053536963765221405	-0.04465564661550949
96163	-0.08285101435370588	0.0028042543232955955	0.030182009182061553
96165	0.0401306910480553	0.011090586479342607	0.023249459167602328
96243	0.06563363831072301	-0.024713497250310818	-0.02637754822928584
96259	-0.04286069436918703	-0.02277169125267264	-0.012634003083323185

Biplot	0	0

Site constraints	0	0
