Eigvals	3
219.46476417887698	212.7785379487311	181.04384147502722

Proportion explained	3
0.38160490571527844	0.3587071096532274	0.2596879846314941

Species	65	3
bac22	-47.66542939211821	-6.191392844946832	-27.80751807635141
bac50	-22.27046709937599	-16.874780372630315	-10.187652317455468
bac62	27.023711054993836	32.2803125944477	28.02574687285203
bac84	9.514410976235999	23.56844256336451	1.0288332042932908
bac93	36.469470094772156	20.9523022026743	0.08145954527091376
bac94	-5.8123570860484515	19.648596637568282	4.889013502921342
bac96	-3.046267597480636	-5.615446421440615	58.437039218929826
bac103	-8.737070851069515	-22.679162287335906	37.67033031768465
bac105	-37.13538522117392	43.91514452152643	14.645988595975941
bac106	-0.5970790428648253	-6.630378413522281	-13.30561447103456
bac108	-26.55603506969645	30.192386979723512	-32.686085061143174
bac110	-62.547867972731865	-10.42778853217065	-5.954508142308062
bac129	-37.0399976699792	29.18234798349386	-22.089901208443887
bac161	-7.50341817751367	32.14448320175507	4.288238649557518
bac165	35.54293473716298	-44.45790583832145	16.974577563379036
bac169	46.69572080960829	-17.421519184329366	-26.169632799848344
bac174	20.999837304499376	-13.667297155889113	8.234712019544961
bac180	31.821355691354395	17.960334746577868	-34.544737518947215
bac181	-11.332775622513344	-3.015580185893423	48.62151515667653
bac185	34.52754618062094	-34.90691713592997	17.784739375264547
bac191	-4.106826610230871	1.1623275728692133	5.487636617111672
bac197	30.11897319138229	-22.89996873934192	-1.959556628382723
bac219	15.398150747294796	-14.146417730405426	0.7188537817566858
bac221	-17.60793099373795	-10.45318986561073	-5.871817498025033
bac224	-14.034470209504978	-5.410733532970569	-20.407975453129872
bac232	29.821136787226898	16.12709078184125	-4.273295980412905
bac233	-27.799315633232776	70.25817871706181	-32.516017007233366
bac236	11.873899076896935	15.52669477405291	25.60483638898269
bac241	24.717323309546494	30.459838146834702	-10.111494591590942
bac249	5.9141107479135115	22.121720567503296	-10.14032088574033
bac252	11.670123672696876	-14.227581019115531	-18.081300154690688
bac253	-47.8860166688689	27.946140999499345	12.844254200755442
bac255	22.358953794482634	-13.10037840235399	26.78522884869373
bac261	13.299567729506206	12.063529133346623	28.54950479249599
bac266	14.279288021775967	-21.076141170112095	2.950751608261722
bac271	10.765523258778785	15.612537937409389	25.77138898545353
bac272	-37.990734189712015	12.555195981894034	33.32612821573501
bac300	42.059331050355524	0.051522963845021724	-19.850496191058284
bac302	-30.3286894694612	-39.184188266662794	20.757030636447332
bac313	25.80036026765602	-29.452581642776803	-12.040217595921112
bac325	-17.63242375168852	-12.459225489249382	-12.871053758800223
bac326	8.945913841725154	8.902169304518303	6.174918867542048
bac327	53.66243815245865	-5.523086522832893	7.9259226787055015
bac330	-17.093008739306743	1.9158460477965404	-44.81594958952321
bac332	-10.424571239378903	-11.014039429067438	6.895514750419735
bac343	-10.788734615290675	-19.843314291267937	18.236918607939877
bac370	-4.5371704304836635	-36.3339752049079	-0.5614417890112486
bac391	25.823468041175587	9.647368057711063	-28.511356295971407
bac396	-56.773812929484784	-8.842413678082341	-5.655216236156946
bac410	47.836269129221165	17.622946176579713	-18.654509656490685
bac424	33.809773201943685	43.50194493597647	35.5572316655228
bac447	-8.020433099868741	26.779054703858318	19.331710175681383
bac452	-27.20108031898904	-46.54964491381058	19.814989703726635
bac458	23.955237371303554	-60.95509152093903	-34.9953526024795
bac460	0.9488951568263448	5.451921748958056	-11.25240064003965
bac482	-19.81920893041678	-19.4723145524613	-0.14192560514314131
bac483	-3.9982240479687197	-19.549645383043753	-20.839190439442227
bac485	-13.379312344667753	55.997044480110475	11.878787299830504
bac487	-26.260841622453228	-34.49228832355894	-33.136872074283794
bac493	-27.657757450714758	-56.71871516128548	8.76848205124755
bac495	-25.203413055491875	-6.9396883526428805	3.427950929466114
bac497	3.2403053506592787	-5.134050394425823	1.3217971803818152
bac499	-27.9826309073843	2.793369460836461	-9.385142781263847
bac500	21.056492189061856	17.227784739743583	-52.208571570161226
bac528	26.82023712176714	32.09826329595744	18.215092611976107

Site	641	3
10	-0.00018287875432395115	-0.006513131253066442	0.005151148795702355
25	0.016827840105688417	0.03050509434251353	-0.0043807501403350015
34	-0.03140016773222785	0.07485836452890848	0.02175926478466011
70	-0.03450852860702235	-0.04764906782799285	-0.03110524929740306
121	-0.05898721304255462	0.03248084757190416	0.026230372635248373
193	-0.008293191593947835	-0.045050252386738	-0.021952560976532923
241	0.01571640330111143	0.014306927737673357	-0.017117582908298037
254	-0.039578996406428174	0.037544275059199564	-0.014844389886476031
261	-0.10570598219904495	0.00989368525729037	0.0257165202236213
370	-0.0014459782151856526	0.002521396222150631	-0.014012915874423456
395	0.07161524477281805	0.014846849470355599	-0.020782900515385925
408	0.014215725429665546	0.09323657069139117	0.02708293416731106
436	-0.056429095731292504	-0.0028749097856305516	0.029879917926180936
521	0.03580337643700323	0.05025987982841841	-0.023763384461901422
555	0.016723060375903476	0.02307303084353126	0.026638409171566554
710	0.03975761357037163	-0.004636188514831985	0.0945545011879473
834	0.05741085252602861	-0.07613623006455977	-0.012206180839231504
865	0.04352735953701943	0.036626348617485656	-0.022103303907479627
916	0.001161008992333161	0.0012819536165550444	0.012618844846045025
956	0.04917370737231322	-0.04797619201066468	-0.0071884380087948434
965	0.020927938239055942	-0.006443219687656519	0.04426060132586388
1486	-0.026903923474356953	0.053556397755254746	0.046637423015506316
1500	-0.002747223492407421	-0.03296669493734223	0.029074266544518296
1531	0.021556544222019133	-0.002356467409700065	0.023997146210694844
1726	0.030449085796577235	-0.021732914631010836	0.016518657816365086
1767	-0.06921762395483144	0.013729731250614956	-0.015486668012276527
1973	-0.003571172101805253	0.03606692982643275	0.010766730463715343
2097	-0.04226657573946811	0.039658246041372205	0.11355116207160877
2348	0.008354492413150347	-0.00871686135914432	-0.00043331588502439815
2480	0.0706117543925152	0.0015786253838139556	-0.017963092880685094
2497	0.031619286656367804	0.0675986471901823	0.01270521396063525
2651	-0.01578137497423178	0.08855470116451529	0.07798988889521313
2695	-0.013270286495370084	0.004705901377854196	0.06424656894354573
2715	0.007975033360466592	-0.028230653441211284	-0.015853001134677535
2895	0.028776790174378137	-0.04109322296328336	0.04923430687925969
2904	-0.016193288593083544	0.005469431269265818	-0.027027428400644198
2989	0.0612857043150795	0.010906693527724052	0.03273009687236622
2991	-0.028790776808709628	-0.052541300043441985	-0.028553748984725343
3066	-0.00987999898774335	0.09734095062694634	0.0388957472606065
3157	-0.058259580722374804	-0.0047804473753336706	-0.011716740465111043
3334	0.012049793529860717	0.002369701269789983	0.05367101014686855
3397	0.012138952484071637	0.023968696260006025	-0.021484103738250684
3512	0.021207028584895645	-0.03686545482491382	-0.031877210254600004
3524	0.056667308740461636	0.019130077067550016	-0.04462483660031361
3811	0.011534155980287841	-0.010162980965814992	0.040380604515157424
3821	0.011385774026090392	-0.04093311734229754	-0.02282856363951467
3888	-0.0013695079686362314	-0.024527158461363253	-0.0666089091192094
3931	-0.028897411252216197	-0.04909566478951758	0.04678505039558847
4017	-0.0702898313987592	0.006432264764398818	0.062471441937031746
4115	0.005930479565880026	0.03871270548921519	-0.07528150700696175
4191	-0.017997044263171415	-0.03381925402041629	0.05344256371815359
5335	-0.0027366071062833197	-0.011445902838839055	-0.020576553505062403
5367	-0.009168841080334798	0.033296236028004494	0.019992119159269413
5433	-0.00361731239510237	0.07988672934716634	0.011824286374343905
5467	-0.030791395907445597	0.005342471906629894	-0.056221668993534375
5573	-0.03138055269271397	0.036779058111492964	0.022619937156127246
5589	0.0017667985862274253	0.011067254236447837	-0.009898497611175096
5695	-0.022760787205260247	0.046933566973097585	0.06961052716185759
5743	-0.02981998275176253	0.02190890863005938	-0.054016685501596835
5748	-0.01359838283391215	0.048632250918446536	-0.069148277699248
5760	0.042754814123510496	-0.07580924103992268	-0.027929150764943827
5795	0.05029527495865456	-0.018444623220143466	0.04327193025519867
5799	0.012448543510519834	-0.03248459966785981	0.09379565133731473
5875	0.0920440509489833	0.057692282887600005	0.019840345236231547
6005	-2.8130529283976805e-05	0.02563897706682572	0.048309952075459794
6132	0.01379810897636185	0.09059104524345807	0.015726132854731487
6343	0.02383467329015724	0.004749235397946015	0.02939750968280616
6417	-0.013267252052778237	-0.01841028213558303	-0.06152914098154744
6437	-0.017634478962335574	-0.01590100589532471	-0.03352884700702672
6589	-0.024184041361961388	-0.03369140325332479	-0.004675720251197162
6593	-0.020119754222342995	-0.008041765055292421	-0.020114459035274798
6672	0.05970492232947864	0.07018104858578858	0.050424170681949
6688	0.037742560684333314	-0.012419512039055423	-0.04452174228006037
6762	0.016849300538583852	-0.006813312778781899	-0.01670705213572829
6946	-0.017174859737437823	0.024245517524741075	0.055168529144391666
6966	-0.020663780114392953	0.052299616336655946	0.03959490453918542
7151	0.0048099357564103055	-0.0647153907537183	-0.02237880700989381
34494	-0.07435264825572807	-0.03296710123141945	-0.08340367452119943
34532	-0.034021201096506665	-0.012912766441931036	0.0332782525206281
35345	-0.03738477925145515	0.00871795965689349	-0.024184347644219645
35349	0.02133908445758483	0.011001943888073129	0.07224467807820875
35456	-0.04397722456423148	-0.04165696862541459	-0.01858585432899677
35882	-0.02185775636122031	0.004140243629368941	-0.043267995680245794
36051	-0.0018068955418600833	0.010876124959558246	-0.04408379832277719
36254	-0.009306851137799792	-0.09028869575486724	-0.0368499027507707
36255	0.021184093269800405	-0.0540824932886697	0.012834764282844188
36672	0.014544383087099991	0.022189407244629165	-0.008059920097710256
36736	0.0015242463964018397	0.040297266756708756	-0.007314446242183125
40386	0.016388403250679896	-0.017533287228303912	0.03173635874928813
40995	-0.03014449768731459	0.03970429972050496	-0.0341453629396963
41041	0.029330857504043524	0.034440832751429507	0.01653932199579797
41163	0.03731971534598789	-0.01970605811930817	-0.03677169438448832
41556	-0.011523852273013108	0.0470847388974569	-0.03624194785175243
41670	-0.03148975886695081	-0.008659597521260578	0.049701210545646204
41821	0.10002258147020386	0.013327134767271306	0.023638193974495462
43187	0.028599961953517758	0.05137736836077099	-0.049289858685223176
43218	-0.0033118229546981897	-0.0023745653944963726	0.014884843158902032
43266	-0.008553650085125796	-0.015913493430450374	0.02425059929386352
43307	0.03232191321134995	-0.018602053498712637	-0.02055667788561106
43323	0.010733456781366224	0.021409949348933283	0.029478499333332367
43332	-0.015165628343107692	0.002833438477185622	-0.09832302025374258
43411	0.026739278323891263	0.05922571241702059	0.020801278215049283
43412	0.003923904912908389	0.0718546454917754	0.07882109710545476
43454	-0.011650861672018897	-0.019842711854112897	0.06058524753588649
43908	-0.06708417179226732	-0.03351140562333489	-0.029179530287783896
44006	0.026959053605974014	0.030401262620498838	-0.041678181190023936
44457	0.05771561896575373	-0.030369133425210214	0.009692732299446
44712	0.03369183275266797	-0.03750483408052935	-0.012605206369764367
44981	-0.00296739254506541	-0.0422191179046588	-0.022533175523635044
45090	-0.03310648850078729	-0.02164610013008895	-0.00046800339483036896
45411	0.035739649364433794	0.024404723331555692	-0.02545501973892509
45918	0.04049833692665847	-0.05853375398192147	0.04666825130060996
48363	-0.002550967897627699	0.008793596256399153	0.09325486158160695
53252	0.029230892294416878	0.004832317160072504	-0.020715849139449693
53346	-0.02820573317053863	0.010042766525311239	0.002095210318006667
53584	0.07293399361435375	-0.018904791687958736	-0.08156710952044556
53616	-0.02464532344039021	0.0573694936666541	0.0019671392671807785
53854	-0.011330081393921932	-0.04403335232093644	-0.01967871387359504
53860	0.045037476195764585	0.03663389533760213	-0.062386122015038147
57681	-0.011401119032181314	0.00018472320661029113	0.0021237948622548327
57927	0.05165713742545252	0.04870816482623049	-0.05146375079570916
57977	0.02072263356201292	0.053593916424450286	0.032792922815359664
58028	0.01954972247923077	0.015114366690224933	0.042821069402345494
58055	0.02748318342656614	-0.03373107950862294	0.04909564752151434
58069	0.023571211457018258	0.012845310901491073	0.006983691743522331
58084	-0.025579015326227042	-0.009220177806636608	0.06000588688047099
58122	0.06520507989449915	-0.043220680398121984	-0.07820613860886956
58161	0.03422941421316021	0.07879936353729627	-0.031378212624194726
58179	0.05787614326055392	0.014486179818883449	-0.0599602111292989
58191	-0.043067370608528235	-0.05340096005419511	-0.10919453909950769
58208	-0.01301511526623415	-0.017537318619394556	-0.03736236507914648
58262	-0.04379804349068261	0.01436224030975694	-0.06534603386364143
58332	-0.03281719741348272	0.005312086132751133	-0.06591691864491098
58335	-0.027231575089485864	-0.04953379423796057	0.009735142646031592
58362	-0.012891017247886558	-0.04035460795314081	0.011723234048756982
58386	0.011305878807967669	-0.0186709601334394	0.017086902749078165
58392	0.009224661913616917	0.014583136929942857	-0.042829977458480516
58401	-0.0074902307822339595	0.020281485414525728	-0.03521577155784345
58409	-0.022315071323995288	-0.020095043811448308	-0.0029552956369688944
58414	0.06442241304407004	-0.018427671828281474	-0.009094447772415354
58415	-0.015502977137582101	-0.04769961570632399	0.04518780911926632
58518	0.07583484255990182	-0.00817232722339983	-0.014370664993198126
58540	0.010607932482075637	-0.017953984617310518	0.036004235395746736
59322	-0.03578706078133621	0.006977219202453836	-0.022579444691062697
59330	0.04095982105032547	0.08165851066033873	0.024750401200929355
59339	0.03251288931833443	0.007759507198336169	0.05802423267251691
59340	-0.009325530239909773	0.00838903924108935	-0.05353069232028795
59439	-0.013585920826329579	0.0033519708817484626	0.00827217647186055
59471	0.0346907796519346	-0.009497085902825919	0.040214108687331517
59537	0.09999498291018241	0.02599513583069696	0.005414142605200026
59602	-0.04209263693549042	0.07437021030146752	0.013117169142481335
59628	0.004267146729446738	-0.07446031645699142	0.07387162168273778
59701	-0.0326822387454458	-0.012588772038282372	0.004086702903667549
59833	0.050785520761007466	0.026877692547621675	0.02376567930400464
59898	0.08973882057123422	-0.0314928381467922	0.05461281625977137
60064	-0.004760541529997425	-0.0652357154051665	-0.058760103094543006
60169	-0.01087465623397053	0.04549896092032867	-0.00886720414016482
60287	-0.04029260046932314	-0.04753816837586052	-0.020490167805920594
60345	0.02345856633313474	0.019348511236965595	-0.04177156405770305
60616	0.023275577889364997	-0.045195015004194226	-0.015054956886554421
60804	0.035242383327135196	0.08212729068837181	0.049839696050974276
61169	-0.06551613845197655	-0.021575296855302746	0.005180899760879444
61675	-0.01774782325884126	-0.061789330858073	0.038936527188723605
61691	-0.02032844714263232	0.029491892923834005	0.05041820466886683
61692	0.0041473534315315365	0.032696044877735836	0.02570816425528071
61693	0.010860718528816864	-0.01893927350850569	0.016966956017376897
61702	-0.01594864774080826	-0.07260209917870258	0.05035595660837302
61705	0.0002425977454331512	-0.004288960536018989	0.05452427846532975
61710	-0.044069690758762825	0.011938011049090487	0.014942352136836977
61711	0.021963568618294474	-0.031152254756490215	-0.07157930325411374
61716	0.01245699639435923	-0.059337787527694405	0.04713001714234886
61861	-0.009443006914523962	0.005042100750696903	-0.01675947484882292
61937	-0.020815271524092776	0.046343964951111684	0.06802930211550265
62004	-0.060364280776508655	-0.015369920987205462	0.010218918634369793
62015	-0.024611039680727486	-0.017708260343238455	-0.020669980590256765
62019	-0.06967109596001367	-0.0029983117049257307	-0.05001176630989959
62022	-0.013818298327322242	0.01600576520517884	-0.008567258004231146
62038	-0.007166851782226266	-0.023845246240997046	-0.017694620201980437
62048	-0.029034986713784895	-0.05489625511905686	-0.03386650712355388
62056	0.0020111455436484407	0.04078138244193591	0.0017818279390214643
62057	0.03707226909508637	-0.040338522437770856	0.013912405765215513
62113	0.03009391065774799	0.028912749226948576	-0.012577305627805154
62261	0.031319063601595115	-0.037452260931061035	0.016100477998540783
62270	-0.02720115308974155	-0.02478764615867738	0.03222755541109291
62271	-0.024009945375917576	-0.0018451744771196105	-0.036294013352081114
62272	0.0358231610111699	0.002226323381993952	-0.0019726182793387698
62275	-0.009978645880350304	-0.011735696881742077	-0.009088181157689624
62278	-0.027289735251665805	-0.04731402101954466	0.01762500531028023
62281	0.004849762991439276	0.05106194865877302	-0.01633063070744259
62284	-0.037255994166262234	0.030806137137501206	-0.028282373219305938
62286	-0.005895301107803999	-0.04812041117345798	0.005896153599978635
62315	0.014148288245846448	-0.03878836190314297	-0.026301844632491828
62316	0.01633913111379085	0.002962952017760523	-0.031791732029249196
62318	0.08881021259123636	0.06553607642766404	0.04096866478150957
62328	-0.02045329519228338	0.022012848751088193	0.01762136351483202
62336	0.03208027454282333	0.01113985690710142	-0.04410694837176674
62343	-0.021987316192286274	0.007495568191047214	0.007098649957663507
62388	0.0013874456390471574	0.039346625174446925	0.0011659483439505718
62407	0.06039759681271793	0.005270547464996366	0.02112394169601136
62408	0.008424495391227867	0.01796454756154769	-0.03436219015884871
62464	-0.0066448348562237695	-0.020110383614996997	0.044314169581585655
62494	0.025282322885596918	0.06720939096074277	0.05012178862351041
62554	-0.022284101760469174	-0.04212964631606119	0.0022694141477764794
62619	0.02094441112001086	-0.012052481561945496	0.03971242774239348
62744	-0.0688569623798748	0.03343206607057058	-0.02761130540907707
62785	-0.015129646885753552	0.012045245045872616	0.04710541731187269
62803	0.013028222909159847	-0.001670162488667165	0.015601979412949612
62859	0.012120867726278415	0.01727948671656079	-0.0315646065176328
62905	-0.03923533494970337	-0.008587467537201713	-0.009358837098442823
62926	-0.08384007148341382	-0.045637920078496305	-0.027076037959866725
63100	-0.03410626954293993	-0.048516651447871366	-0.02303559815433523
63104	-0.036827527425299905	-0.049145104409149154	0.02921497797001867
63425	-0.006405528280621618	-0.014295694219285653	0.029156678266234845
63617	0.06744192727438215	-0.07605197473710293	-0.02028509559720414
63646	-0.06550147293449676	-0.04501681260939554	-0.020576040592412137
63699	-0.03154847114259549	-0.00798066278676388	0.032795503742751725
63705	-0.00768996849736447	0.013861995213384186	0.008699743182252181
63727	0.07527794465014351	0.04141398760727054	0.01622384285455309
63788	0.05586779498915331	0.023260108904467787	-0.021152182487491584
63913	0.006108453642651121	0.0073965850782989305	0.0731231280367596
63919	-0.03711865916599787	0.005032611446491815	-0.024033427316548665
63967	0.024241970334636355	-0.0702916675535006	-0.007871014673317257
64078	0.008368396928686298	0.026882446603670472	0.029322597650905863
64348	-0.05238325623979981	0.021961917191232548	0.07983132880895329
64442	0.0030338764319892356	-0.0021439955940562804	-0.030548853070131148
64513	0.0039292611876787795	0.04461263889436416	-0.011795924595849926
64569	-0.038140082733624125	-0.006064212436361642	0.02934876481405867
64605	0.017703002659020327	0.08354511016975696	0.0070840664965291875
64754	-0.0005664090012151529	-0.017719435197667558	-0.010388055646757158
65531	-0.06456913786824701	0.009804596739827127	-0.062277091574541775
65540	-0.029411698269184945	-0.07813254283362853	0.03237890029570548
65561	0.07388213269275797	0.027616256962183745	-0.047946197138606116
65619	0.022994563350526583	-0.03307359705467078	-0.024373309204060476
65659	-0.018211764921910983	0.056777114134385326	0.07434260976072647
65718	-0.0006066046804723506	-0.009708528928693564	0.024804223104942274
65728	-0.05688773670655514	0.041884945984249675	-0.03654854891564188
65738	-0.050472895481130896	0.041509035938176245	-0.056761443455176926
65756	-0.011863945723269285	-0.0350348741137933	0.049846615299066886
65951	0.021128495469130315	0.01902837313766419	-0.024063609196653016
66028	0.10225517734816328	-0.10038544509811054	-0.025661455474187026
66097	0.037164613162355094	0.010481977081882575	-0.016807184768216084
66142	0.03905993171934512	-0.018161401300780516	-0.03578033978339814
66157	0.07898688413597475	0.0754444250729283	0.01730536856688655
66217	0.05316240614648715	0.05290065896810594	-0.009605064682033294
66242	0.0016548581362903062	-0.03125364947759416	-0.010757356562839895
66417	-0.11793541382190977	-0.015098156190636444	0.07940413719332998
66571	0.01381509830115488	0.02875113963125521	-0.007153431732787802
66612	0.0010237664808324652	0.047350729973557125	-0.012048411047162701
66652	-0.020750915948284442	0.047403992329569905	0.07762195548939263
66654	0.0015521822599715996	0.037449996163606204	-0.07526775624031735
66700	0.021016550049137404	-0.10140384436575972	-0.042412413205071324
66747	0.027630794806634596	0.0017309587120547501	0.09812018048770277
66774	0.030947834576844236	0.03451902371247595	-0.06529925212744296
66970	-0.04813742815068003	0.01081427044842797	0.01940181755035581
67000	0.04091703492407605	0.04381706131880512	-0.016415980913956612
67006	0.038985027500873404	0.012476556703429257	0.037541784258689447
67093	0.011860121958749388	0.0028685961549814033	-0.032662965365035344
67111	0.0003399552112784245	0.04700042686516696	0.04175012779586702
67112	0.04703876121014106	-0.026428796479010443	0.018363610431193198
67128	0.06002476231623174	0.009992164985543473	-0.06056384454153377
67242	0.005733555625066538	-0.017530837883154113	-0.009744116423036181
67413	0.045333049091580896	-0.009325603104940822	-0.004689246066372937
67420	-0.010157567537539195	-0.0034191826724807063	0.031504809892163546
67423	-0.030241764961049827	-0.020839770173847017	0.049365821702904294
67475	0.0041054705789903435	-0.0539071227496494	-0.038880219126478176
67478	-0.030750711929920325	0.05745188809729492	-0.012405733098380592
67547	0.043207088533271154	0.06562807637472129	-0.0067669528461189715
67551	0.024124033792241175	0.004128849955347553	0.007755332805162518
67610	-0.0023208071344880767	-0.02109113749024421	-0.04123600487707036
67754	0.05795631709645657	-0.06132202877538557	-0.033214669522780904
67924	-0.02145974934820278	0.03243267137520323	-0.002790606986931802
67982	-0.08865423431331255	-0.023697330390386448	0.08032068263676202
67997	-0.04769143339597749	-0.030912942422856894	-0.028600383520013834
68011	-0.021706791483256854	0.08771783062373066	0.007428401653685335
68024	0.01964302512244736	0.023967945321269443	0.044695077818634195
68076	0.01086929540684669	-0.008838732355595296	0.002805095886684653
68089	-0.07578839889239376	0.015188892845846347	-0.02189241378661217
68230	-0.0361156141028736	-0.05512434960878923	0.0011165210665308736
68291	-0.08314773508108546	-0.031509854502242064	0.03642932988629568
68313	0.08078475484852908	0.013445076292875767	-0.006017295918723463
68411	-0.02410342194004825	0.019586907229140173	0.027982997708866492
68596	0.03392131621995318	-0.018221762951636383	0.05923066723579892
68637	-0.0021063661924250274	-0.01838217739914058	-0.05513699155134819
68666	0.041147800820366724	-0.08313978907730368	0.007706933824265746
68705	0.0076529897546687336	0.049748637821112475	-0.013432910231198619
68833	-0.04009126163635761	-0.03718159343439342	-0.032435260787638635
68854	0.00437477249650995	-0.04388251502695808	0.013041386165997192
68865	0.008831440728046881	-0.028532891264121868	0.020766490473151787
68979	-0.007864904482109527	-0.028136459728837163	0.005803488446898149
68995	-0.007700613772807096	-0.03301579993888906	0.0243876464470119
69002	-0.07004802489039531	-0.015051853472807238	-0.06126354277956602
69014	0.020252123233761653	0.040482689139729716	0.010613881915401016
69125	0.021107916435323386	-0.032484233464811135	0.0628729126330086
69152	0.04638503078285558	0.05220832446535131	0.049330859080418676
69167	0.0053074501247824535	0.017353380496461873	-0.030837251873765494
69289	-0.037743130887648454	-0.052600685285848055	-0.029154865141701854
69304	0.0019943012991587667	0.012962740469333751	0.02363704585537062
69312	-0.006080045690135594	-0.06311784751041459	0.0022027854458142792
69322	-0.03280442482328875	-0.031697881728527874	0.03581716494147837
69325	0.1077156648132962	-0.08676809437845455	-0.039934899578090335
69350	0.033596163896147516	-0.006482568307990458	-0.004726212197461129
69354	0.04160981428994063	-0.03909121142317221	-0.009532751585959526
69433	-0.0025333710620597328	0.032300126008497916	0.035359064686420756
69440	-0.04514781264708942	-0.0653382054886475	0.008618957642680388
69512	0.013597124491680627	-0.004471237537756252	-0.04362836109218458
69559	-0.053253561346878496	0.03406529002361231	-0.009964075551947752
69577	-0.03973141676361472	0.033805487440829174	0.008428511683640146
69627	-0.00312442686308412	-0.018336632406503125	-0.049148372544700336
69638	-0.025905323379325093	-0.05257759136643299	0.0684389235341736
69686	0.05765917623542047	-0.02715611858613474	-0.07376001022763423
69739	-0.05652329512847202	-0.038384874986863035	0.06919173455517486
69744	-0.03579066459488344	0.05707480908811268	-0.006006775543449856
69897	0.011962744782543102	0.011671331773621006	-0.03421646061503727
69898	-0.0056076255237616154	-0.012114117371296888	0.04286863335664186
70068	0.03386854779286123	0.060922667924751185	0.028675817512531992
70218	-0.024979453328981847	-0.039350444418690504	-0.04427472391505446
70260	-0.009579491349558928	-0.0032331908080046115	0.06531509245918514
70323	-0.009012652818158853	-0.032557666437029044	0.058877367514677134
70333	0.017485170077252844	-0.007172958761927094	-0.03512295077167882
70430	-0.010812716342088177	0.003926666427578954	-0.03243489758172119
70527	-0.009258088692432774	-0.027413408444913384	0.014060122714592508
70670	0.011603136460943915	0.008249893977513556	-0.01284118844405625
70682	-0.05482997404658039	-0.022412954193049034	0.019495861064185945
70795	0.07818195620608029	-0.06606582277907964	0.03885076176661809
70801	0.0308796093830103	-0.046607739859324274	-0.009167508588068007
70848	-0.014134477991350777	0.005493349759472394	-0.023129190716136616
70912	-0.0052559263094198285	0.010965390419548394	0.007161338360408289
70914	-0.028696915441016872	0.008957154003780273	0.050042408427211575
70915	-0.08040595133566603	0.024159495588503714	-0.012306218711060952
70959	-0.04127299776734394	0.03363248677010164	-0.02312442044023847
71040	0.018840087047259944	-0.0017068462195132964	0.00797459252481652
71051	0.01800190698070734	0.045064450612560855	-0.06921821867243454
71070	-0.012592401969346459	-0.058998797608344124	0.02135641763445545
71091	-0.010030037889700593	0.015512298255932293	-0.017313558985094887
71103	0.010294175200388089	-0.02192148169800865	0.020233723699710618
71166	0.021068297731918584	-0.048747836147793225	-0.06045958372586054
71174	-0.026135761812995456	0.026228368959879605	-0.01638519037291155
71191	0.021173870347833305	-0.05064774060669202	-0.004620587720895498
71373	0.035832383687734885	0.028150217421384245	-0.08425975160749187
71431	-0.034144217349545564	-0.0060960825698845545	-0.061873610265818654
71528	0.004827066902658267	0.07485287929012785	-0.02370234903203593
71536	-0.0630328835373217	0.004599991299924968	0.016171783880727552
71585	-0.01800841386622672	-0.01674316420107137	-0.026070393060829214
71590	-0.008847873699387077	0.013060733327859982	0.054611371172598476
71777	7.481473767477487e-05	0.062407823450859254	-0.02925910204953104
71780	-0.018366712502850213	-0.05509104104810102	-0.03494652841105883
71788	0.0251495776148911	0.01357511643831984	0.032517702067230085
71870	0.023304955900514065	-0.03704972394863818	-0.029502793759236413
71906	0.016260206991150928	-0.05075551930207444	0.052250917447569906
71987	-0.029539541757691214	0.05659656175999284	0.027159330518683758
71994	0.00161419097117788	0.05030231042291161	-0.027402918629976625
72156	0.0274338328524499	-0.002227728720995295	-0.023601902753234483
72199	0.00718045552669453	0.06776526922981176	0.006400594710367786
72331	0.014378322216853591	0.03041814253622818	0.012331904536235932
72346	0.02379508714878115	-0.07383328080849533	0.05625184568040152
72381	-0.033088012848013104	-0.03935487152393729	-0.03600071093027884
72427	-0.025393643959246946	-0.08000981897806454	-0.08057169203801144
72518	0.059072351613169226	0.03989658662433085	-0.003068222542293439
72519	-0.016701103962166536	0.024925399282187986	0.10467344359463401
72532	0.0065266393343174	0.010323995813700339	-0.09103372354523198
72556	0.09526132658849429	-0.005198867527047048	0.024548872509099852
72683	-0.049670777872311556	-0.007521787704512993	-0.022477980710627333
72704	-0.04378069336481002	0.014769680549448275	-0.0027118447532714558
72789	0.03667050317334549	-0.017403709293031266	0.025768604323892164
72840	0.06213394311167473	-0.005966349123224357	-0.0013049107540114469
72843	-0.06429091630299018	-0.02126242304017368	-0.036531313690235816
72848	-0.006214991880483765	-0.035476326671609715	0.015711678871577164
73021	0.045367948375235355	-0.0838815371662658	0.10396164180141117
73172	-0.06444754104999802	-0.037135738581518356	0.01087737711210182
73200	-0.06353047794879252	-0.03655733953994298	0.0251410496658612
73226	-0.023953667878141512	0.017960738755858113	0.0076488521382219905
73283	0.057633874522282684	0.005819540623062745	-0.011764579101586244
73366	-0.018150048137130222	0.015307293041491128	-0.0024758597303275566
73406	0.008078059871025186	0.0013990873944147398	0.038554655592295824
73422	-0.015441620887504693	0.030575326272854288	0.00356020773685861
73424	0.04800352508305711	0.034642119444393576	0.005984594726959927
73480	-0.017665805500292207	0.027756263058243642	0.031801933734341814
73489	0.01149442965063008	0.007045724796728963	-0.021878485479650205
73498	-0.014798163048011029	-0.017941153363488043	-0.033123588901226256
73499	-0.047352839315273045	-0.06507329948450474	-0.06890280432884988
73506	0.04864634316332851	-0.029694102656318826	-0.003739640335426877
73510	0.0150902546726555	-0.0402046249797754	-0.02189890131887196
73832	-0.040014110734357906	0.014139369968261968	-0.00289930481532056
73923	-0.07985444847396063	0.024241179259315303	0.07145358156161025
74032	0.017202102895766923	-0.1024792116246767	0.01629268843560734
74801	-0.025875329730663744	0.029255473822589435	0.009920837280249027
74917	0.01968591779974259	0.03580184262845825	-0.028411798301619846
74936	-0.00840550134209303	0.044028361495834806	-0.008305428749076107
75330	-0.0513649133824281	0.016676056533274437	0.011398195944932427
75446	-0.04288259452387334	-0.019978257044420543	-0.047782805626924524
75537	-0.02816568983679245	-0.008670927673475924	-0.02309000890000128
84073	-0.06615027011819975	-0.044530545742345246	0.06861147653453024
84469	0.04614442139679066	-0.005877489276008327	-0.009510438219918817
85231	-0.04737070972697882	0.003047327585842691	-0.04700737142046062
85232	0.0074586270937930434	0.04751374205004683	0.03973870278723399
85233	-0.03674615288867355	0.003976088051811737	0.0501260319602441
85240	0.0033521509569852353	-0.02050102640701426	0.04062252663032405
85259	-0.008649696027845096	-0.0011403962660396947	0.05750611702672651
85267	0.024220725325030192	0.005920425608842887	0.025929684007204183
85274	-0.022329636874849654	0.041937905929779376	0.05917325511248404
85289	0.02901806640106606	-0.07255533293822079	-0.06463456255952883
85346	0.026718039126911588	0.06133898751116044	0.03395323915319566
85390	-0.04025374850554082	0.058137229901201744	0.013560717071221032
85483	0.04569289600990902	0.01907463193323772	0.041759380970192356
85543	0.026342657543522364	-0.024233508954545915	-0.0017305218509953632
85578	0.06358578624802395	-0.025333074276029096	0.030236985325844318
85618	0.037226398825421676	-0.03655389766096885	0.048433165996593044
85619	0.08112238605672596	-0.004839661877281635	-0.029211329847759496
85637	0.051563866398499573	0.03622818545152673	-0.01135409133050222
85713	-0.016032864952112338	-0.015007591219200284	0.02927463878642627
85714	-0.06687068264638703	0.02481669525694664	-0.015583573955371974
85716	-0.003776470118613929	-0.012659045755361073	0.02910154718435738
85739	-0.038807642094182825	0.041558606799158564	0.04626670563136562
85744	-0.02034728848951806	0.011256953306343086	-0.05307190765415059
85773	-0.010820739722372326	-0.002593123084214362	-0.004233708687788995
85782	-0.08558935460478802	-0.0003077951509892706	-0.014276785547587432
85916	-0.02117777546811754	-0.021901868178163236	-0.025087760603774427
85920	-0.015369117914094963	0.010952954958764026	0.0787625692479764
86188	0.04877420566724364	-0.04694866454221645	0.011982011761974706
86208	-0.025895020989328214	-0.005684546961828929	0.025834795105140116
86223	0.010658167741875836	-0.06576321888515084	0.008779740440364763
86236	0.0704532466562592	0.03843781377386684	0.024515351711907555
86262	-0.04355645153851782	0.031814711770294664	0.06720516425180785
86263	0.009681841569251275	-0.08701388738795995	0.030199080612945097
86334	-0.0014659145173335677	-0.042992376024116354	0.078248747229396
86341	-0.03895016457880585	0.03701696830666243	-0.05232631769408144
86342	0.01893284413171339	-0.03652042873872585	-0.020551746155740215
86390	-0.03641708733223461	0.033983365568789226	-0.027071440893691904
86412	-0.015526077404913175	-0.015418577667796052	-0.0026550707551443167
86450	-0.051838459913834053	0.008188358096447029	0.027544062892460273
86464	0.011359914597558694	-0.02221230563520345	0.020079573989936306
86472	-0.06884708978695843	-0.010591783897200767	-0.0141593186901834
86478	-0.0473970430626738	-0.05316881655373106	-0.06879371967526661
86479	-0.033498293155129935	0.036792086773822494	0.002948279921286953
86486	-0.04711950215938033	-0.003120636250349195	-0.038355006707498675
86489	0.031243698960411632	0.07460811344600721	-0.04304304157986094
86525	-0.027832292380780194	0.02117638495204647	-0.00257695171032799
86545	0.00492306309648954	0.01995540722335479	0.0043190866295412435
86592	0.018369368015559405	0.07091923751979348	0.0195116505385559
86625	0.000954288578373326	0.03172660388457836	0.01532870392866024
86645	0.01418038028966701	0.009821545645722149	-0.028270627979532507
86656	-0.04342386648557045	-0.012372883084845248	-0.025381826610641946
86659	-0.0253017502801388	-0.036486059044740074	-0.0750316788790824
86666	-0.05611054801996676	0.01797007120845788	-0.01991578880603958
86753	0.04994227795494707	-0.011116490513442137	-0.024203939860778005
86766	0.010278838265041218	0.017355497923792037	-0.022867575831826772
86791	0.0511358854761717	0.00010029651658002283	-0.008979913119628504
86803	0.02631251892905689	-0.03491381846096069	-0.021032694820822744
86873	-0.02873226573862639	0.010525452543977432	0.02580317261168871
86915	-0.03950908589313794	-0.0586931325060217	0.06373502210301384
86949	0.019629673188607127	0.0532705220660597	0.0185530377350795
86951	-0.037957528829220176	-0.03466186009896905	0.04253795318277386
86953	-0.055199453894871055	-0.03530605098883354	0.02842177944008674
86966	0.011022554999518722	-0.016030572328652837	-0.046563332285772426
87001	-0.05257520654093243	0.05633005117081919	-0.014424207286535404
87013	0.02125447593379739	-0.0505028113414522	0.013850257082021306
87123	-0.10241698857891386	0.048157283568089015	-0.06412019239725106
87135	0.046690419777872826	0.023411122455193265	-0.01629088809523074
87163	-0.0036153049701607935	-0.0442754175702378	-0.01723601719300881
87182	0.005590788248300682	0.02588619880162743	-0.1030806824550448
87286	0.013222866570769307	0.034854022444184604	0.08648862560548207
87291	-0.04900929575894221	0.04012220793183374	-0.04373180770138175
87294	-0.00330560302903127	0.08482274384431696	-0.03072121167076176
87295	0.0503470016454837	0.0028394105021064555	-0.025284272780757105
87299	-0.03258655840790017	0.03847829721713983	0.03747654248492665
87316	0.01153524014077611	0.018913002767786492	-0.029164524423845654
87332	0.03417209228284545	-0.04086339902858351	-0.002012275217658736
87337	-0.04770540329925588	0.002182301489867072	0.024691092044167223
87338	-0.037355518470580856	-0.07295417804829685	0.03603696922999391
87362	0.005448825517149296	-0.03627581779893524	-0.021756056186343065
87368	0.03456529799184564	0.025384388452146592	-0.01959347915040175
87374	0.018570935410888157	-0.028502899444010993	0.0016279350195110875
87376	0.00756380628570863	-0.06653850198068152	0.027110709473615248
87393	0.032531963987584726	0.0019752526734554085	0.01766274787571081
87394	0.0066644139751846874	0.0050249287923986585	-0.019524809518710343
87429	0.01017270269929368	-0.07076770475386972	-0.02858955572110364
87444	-0.0010369308409731953	0.0215878668521031	-0.03615226919326706
87473	0.016569442311297616	-0.089762191364993	-0.01478709663740034
87488	0.009473151312481809	-0.014557512376008311	0.05503601372436629
87519	-0.031021658554955964	0.025844129527922595	-0.011833701599125062
87569	-0.017374434187412073	0.010360421864519638	-0.043215726885732324
87620	-0.01151524378778319	0.02887191170075686	-0.07315526841283801
87634	0.02867408670114282	-0.01007464058671691	-0.0449031785087808
87635	-0.007769878843555687	0.033028482170486845	-0.05159101861114345
87786	-0.04363366401945733	-0.01870755029629669	-0.056041120805053524
87846	0.10850919458750916	0.028785165914914097	-0.06813259183301452
87854	0.1078721207869462	0.027356781262792267	-0.050773115989105506
87856	0.036762529617219174	0.0176711239191654	0.0019393304763025544
87870	0.008865692200824423	-0.017183888394385834	-0.09163365555961174
87905	-0.07275207693354589	0.04114934564783063	-0.051499954607546444
87975	0.07921479236377796	0.02799137556271665	0.0141458375234122
88013	-0.017158348150595942	-0.006948840346158442	0.022802048359746974
88066	0.009185914299773498	0.0308135141268584	0.0024914417948312664
88174	0.014362018063671168	0.053343293658900615	-0.0031111033846414502
88199	0.008365964637325541	0.0327532363497968	0.019366656251826164
88200	-0.05158284816387023	-0.10699526965500385	-0.031013449002378762
88215	-0.010434650132372847	0.08970849163668637	0.07357263654142626
88285	-0.0018349934683882059	0.028440788150393376	-0.07441333801307218
88296	-0.058077743182854066	-0.05292917234821361	0.0007826699285502283
88359	-0.07305199690586159	-0.015473683355625148	0.0270464867339817
88396	0.06993076681017962	-0.021704716470727716	-0.03501263993306541
88425	0.08234402624897143	0.02467520659856726	-0.00581325071217743
88487	-0.03688768603224543	-0.02525570405155071	-0.01099960437889752
88500	-0.012033015076323112	-0.031443570195451964	-0.029116062893879326
88518	-0.037198366296980416	-0.05318613724717587	-0.0012057720512832972
88528	0.03606772792515177	-0.0010274146279146137	0.007796866197470923
88667	0.056778445089448	-0.0019983097186663007	0.03871558835434316
88739	-0.007066336943093717	-0.038570123456847696	0.003757901252386401
88773	-0.06354571509246475	0.017360193464268477	-0.08537408396438859
88776	-0.03783308524919488	0.0007224759845615238	-0.0402573327386411
88916	0.07586884068179711	-0.05299479620141593	0.00308861037710658
88933	0.011925513890140536	0.00389572207082612	-0.0026753080056262503
88955	0.05811105576667634	0.00782297591063739	0.011401091743982324
88957	-0.04044496640811436	-0.020399928051860413	-0.04111288049075662
89006	-0.011103939365010066	-0.03308978339196344	-0.007534064515007225
89072	-0.007276442651308189	0.05055998371708705	-0.08473452657147401
89079	-0.10857162263671091	0.0013141446238473836	-0.039254382936478184
89083	-0.04417818103782231	0.06060997223288286	0.05884140307513091
89104	0.0648814359581672	-0.0400767051503329	-0.005467870194423262
89267	-0.011912131178634244	0.037949428163372184	-0.008956967282689679
89288	0.02086228969970038	-0.024182645211061986	-0.021457482939885985
89290	0.004778214300351459	0.04728358982953087	-0.024759699767305843
89363	0.09567670266936806	-0.01624461372187687	0.018449345434495893
89376	-0.0033927187933990377	-0.019932219016449836	0.02420582215145289
89394	0.0022490299542113714	0.03709321622697052	-0.055172444554969724
89425	-0.04149921321037763	0.07773591830260976	-0.05576807006470374
89440	0.1064458792094454	-0.006460407350842795	-0.038307644516315645
89460	0.0022005538018033135	-0.013860591283181676	-0.030682601710603583
89467	-0.03140993368596669	0.017707773823318205	-0.016143258131717794
89551	-0.03484344950472274	-0.015616617411262915	-0.01616787662647752
89583	-0.059595813947609676	0.007823121743103211	-0.023355320177363387
89632	0.0012326432820345134	0.001580525315622123	0.02190204236575543
89730	0.01539410058817199	-0.0027366322452943626	-0.05065763315695845
89740	0.03594913168176163	-0.04319730770531972	-0.005530203934344642
89793	0.08592905353147555	0.0596149188451703	-0.08239174880762093
89812	0.004685494707996974	-0.04977380139634564	0.0638647667494701
89814	-0.023376762231943567	-0.039947648184737	0.013819016086677457
89863	0.06329464500712732	0.029642700159943202	0.028126810923465622
89972	-0.015115244549723383	-0.033851013558243125	-0.009352958957909809
89978	0.005844617088307865	-0.011773720363980457	-0.008952544357591848
90002	0.0010935573926641132	-0.007707963211205859	-0.05805205847923834
90005	-0.005244131214887084	0.005957400781498274	-0.005057114239994484
90039	0.005403236590194481	0.04564041412072157	-0.02701804449773362
90176	0.03013777155554162	0.12394236971208641	-0.012582094225305193
90206	-0.04946354963011533	-0.08840874473386902	-0.0026092234184724315
90386	-0.07899306217547775	0.011188930177345374	0.016122326601513973
90396	0.08980674897482174	0.028990523898690872	0.020224605242893563
90426	-0.003300226335707031	0.024031105791717713	-0.018653794143631743
90500	0.05739916444393601	-0.12673603593915317	0.019229735700824823
90534	0.011153926785077529	0.08195507126308989	-0.03743212300993825
90633	-0.08478744916445602	-0.020164299566021622	0.10406748228587549
90787	0.0013096640069825576	-0.05967965402513417	0.027825286785111453
90795	-0.004071710111595194	-0.016941767341961147	-0.014196771617783554
90835	0.018330008750776502	-0.003578597330581312	-0.013801773631250439
90850	0.00629689711021895	-0.023924656910876394	-0.014930509527276311
90864	0.006066921510133464	-0.007979321462448527	-0.013783410142811751
90917	0.013981254478977193	0.02054637828174286	0.021610573256363036
90954	0.0032795167147263255	0.044434345874560695	0.00785893807843217
91018	0.005243300383465386	0.013951434338855847	-0.009991598546995417
91118	0.029980831352124867	0.05856345268437163	0.023142147003510683
91287	-0.004161825082090313	0.08040844148960258	0.048744977744478855
91337	-0.0576642936659164	0.0031263630571828284	0.025299602327898598
91362	-0.06913292550738846	0.02711408655305914	0.020254131434828435
91473	0.048427134612842225	0.027155784147693707	-0.010206990891816602
91489	-0.04496201413992101	0.04330912483260043	-0.032093592837038644
91506	-0.03174869131816328	0.013961010251997258	0.08840821930171056
91562	0.022541975594292666	0.04359544039812452	0.013879711671088736
91720	-0.06619206444650842	0.03467122868633444	0.03290481611903192
91884	0.019556410636422522	0.007335084330641768	-0.032367397690671144
91898	-0.034303230106205285	-0.021348754997599622	0.015313459067063474
92095	-0.0013390663735479054	-0.027848680651623176	0.007537759255102712
92210	0.0049259711256436365	-0.08781359644866854	0.03442615484924227
92247	0.03251199282835984	-0.004710591456055249	-0.046480207662593684
92300	0.05827895097141436	0.031305994911195165	0.004285413551103212
92382	0.06628627943799471	-0.02319048722949605	0.019355433866566168
92384	-0.0034324631951044653	-0.013265127725378007	0.04061369260269786
92402	0.01163091493240876	-0.01568486868706551	0.050341477135310404
92473	0.0075418994658378365	0.012922043819750073	0.06140583962545809
92533	-0.025829595087159218	0.0802693314300004	0.02828252176029074
92608	0.01962310600522003	-0.035105435816323444	0.03801874419046902
92615	0.07230396527975416	0.005454053581593283	0.002637361746318007
92633	0.06832155852007599	-0.05569709556099886	0.005600036344420609
92648	-0.015295403515308522	0.01595290502764849	-0.07669958642116512
92653	0.014844112099592952	-0.024635265795969804	-0.06080760387958714
92662	0.027100027945281466	0.03875960852053881	0.025932977668476586
92704	-0.08247416195809068	0.015896382845294207	-0.06127081073301775
92722	-0.01630071381172455	0.011253230424834454	0.012765969853363403
92734	0.03322096453193554	0.033890736951016555	-0.046450963678757305
92910	0.006054274724683151	-0.01507750010795168	0.0666137946979819
92968	-0.010359719990870084	-0.09539266663981275	0.027822566977191782
93010	0.012205249832206177	-0.03409638667747384	-0.021819996922420395
93042	-0.053918206296582706	-0.012439022086853765	0.04357723856744282
93048	0.02213472326076328	-0.07107010520548124	0.03251768103589732
93094	0.04214136924758011	-0.0426698019205493	-0.027484225779316303
93213	-0.03679180047443918	-0.010699306999009464	0.048858048491657494
93238	0.03487802542453623	0.03644611110938018	0.11030262674623104
93340	-0.07014525265731046	-0.03630559478315034	-0.006397889914893969
93346	-0.07134027509547844	0.0855176454784198	-0.03500834318981279
93375	-0.0828570964275395	-0.012715902448976281	0.012560042287763104
93470	0.006324136940280248	0.06926530581689033	0.021688154036195853
93474	-0.003355914396054391	0.03853295131457961	-0.0431825419039828
93560	0.05116969620817071	-0.0058589162976167095	0.07215011969112552
93625	-0.029373977195178872	-0.05674394815741185	-0.013683787461316634
93695	0.006622228566786146	0.02364065704432034	0.019998799362008383
93730	0.010798101812839387	-0.036128812688225716	-0.0014773642087490741
93736	0.03763615077733984	0.008691331033151967	0.030586741839080465
94010	-0.018107918639770564	0.056376526737931275	-0.06699248540665659
94112	-0.01450470322569756	0.01957765534001529	-0.04671226970250775
94453	-0.06668056101618729	0.012825852822928432	0.02619032754176886
94574	0.010410653910436576	-0.014239199405347739	0.019028724276361902
94633	-0.04325850768495825	0.0058201507791226835	0.024172069352177153
94636	0.03486785666566331	0.04098053287733403	-0.00013811502088131378
94704	0.005083446005345591	-0.04243899188367359	0.03790724317498405
94768	0.0002520389742437898	-0.06884564550804419	-0.041644923291257296
94896	0.049598538924941815	-0.0008699784090839633	0.024784775048138148
95018	-0.05569333866614881	0.008266516594677899	-0.06722892612404915
95095	-0.028462795710751228	-0.004402119177090764	-0.01976886726748205
95128	-0.04200442905908222	-0.020574116470683097	-0.08641310898560232
95159	0.04690932080574885	0.04036877493238449	0.02359234277290566
95179	-0.07728594251338473	-0.007104108170708643	0.04187746617491726
95183	0.020906339030290027	-0.056403347326389366	-0.04537342374762871
95207	-0.022843328956431635	0.07361799528998936	-0.004336517841494134
95221	0.02171640031733329	0.06014824722275832	-0.06721126260836971
95284	0.02720053750416211	0.012154086451608386	0.0014367968844850392
95341	-0.052743699163308386	0.05438502359612598	0.01904500415949103
95353	0.06060059643013419	-0.0253323083296632	0.01395723086811192
95410	-0.025142150195130893	0.03230867608160853	-0.01997080350502122
95460	-0.05678939303378057	-0.03170760183629056	0.01010806249723446
95465	0.012408615879211974	0.0009580216347080703	-0.004298176655509617
95515	0.07258259296043786	-0.09234358369329901	0.010148842657873643
95566	0.00755906801403562	0.042669034536297806	0.0242680367135503
95574	0.020865568943523566	-0.014897929609870575	-0.04119524837335835
95673	-0.08536894596886496	0.03046447900008269	-0.07090653713839393
95688	-0.020755150731328692	-0.04196077653998797	-0.007767999548395581
95747	-0.04666481107259621	-0.002340294785308927	-0.018436297734068772
95901	0.03509691863141646	0.07086665080639958	-0.03046926050838659
95990	0.01403974671577416	-0.008849224923606699	0.0443401622078988
96163	0.014605305010358796	-0.0033320931510827903	0.014844576175933157
96165	0.056820851280876196	-0.04835145391364441	0.11410789156576015
96243	0.032016394351042816	0.03769659001507299	-0.023140561228347095
96259	0.03879284387608764	-0.06234715675691713	0.012188612833668644

Biplot	0	0

Site constraints	0	0
