Eigvals	3
266.15724286208507	255.3984024113045	213.73814150600666

Proportion explained	3
0.38976006907798605	0.3588864967922168	0.25135343412979705

Species	91	3
fun1	-16.74589536807413	-28.589446360139885	-4.133912308276665
fun7	2.5032374009329814	-35.52426122979401	-47.08306748598799
fun9	7.8103111552726325	-22.518033258997765	3.601875905681521
fun24	23.72864076607057	16.317445723248234	6.794671599217059
fun34	-62.510211290632654	11.35499420433193	8.0296399290018
fun50	14.860117062436037	11.166671073928558	18.855455188581583
fun58	20.007039316025327	-2.9140484666901956	20.683222413860186
fun64	-44.58987154073656	19.42215475491188	9.435545217145823
fun70	32.91557194429107	-8.008235689652032	-12.634161761815536
fun81	26.97454956157125	-2.3041798072058	-29.589050438376322
fun82	8.500627664001973	16.58354302869697	-19.505181288657315
fun86	-24.002661940401175	-32.19853492981937	-25.38073277994327
fun92	8.402541841500968	38.1041298399152	-10.567755996717967
fun98	8.375001697824858	27.011308188743804	-2.169065210328798
fun99	-1.1688114499350528	-53.83865846397746	-14.146115201950822
fun106	5.114428556222983	48.68171709969404	-2.676529750503295
fun112	31.288959634340817	-33.85752741745415	-18.778765941282142
fun113	-2.6726162679570002	14.189801450766875	23.681074874850953
fun117	-21.350153004239548	-3.433092769844634	21.797844191730263
fun127	19.164206194021755	46.974167821512694	7.802513101632423
fun129	25.297836558279638	-33.0294665877891	23.97777212562365
fun136	-23.852503309865767	-53.30307649499069	35.578913191601295
fun138	20.006602572422274	10.686228444446442	33.5441897185355
fun141	2.7924450997490853	0.5246849354329126	-28.5370379107827
fun153	-6.434010504123664	28.004770095663822	3.0269253132844
fun156	60.95433532058696	11.617752642946659	-28.05060037307987
fun157	-9.884673468719432	-30.494241028090748	4.079789326256842
fun166	4.934137318802911	19.399615006107194	-9.185194851575707
fun168	-39.84851862226564	-4.026984200515602	33.19759951414421
fun177	-26.340942858454202	-22.842210052594332	9.995973345758754
fun188	26.127932034573156	47.81309014315942	-10.255287214993045
fun189	-4.583662746542316	-3.1867243040895437	24.188615991959633
fun192	-33.01482926675346	-22.58247963049166	-6.70608872042714
fun193	28.14887171847842	-19.838665564966252	8.658935600967867
fun196	1.8580409874396517	47.4510073082205	-15.08812384613993
fun212	19.034511416628746	35.88050890191648	-11.194250635867702
fun218	69.62325638248264	2.583201859969567	37.26548338678627
fun226	23.09356185295951	-27.910662144135646	-2.6230580010579825
fun228	22.76755777971563	8.450365533869336	-3.3372399259219163
fun229	-13.63900727195069	26.853435249493124	3.4370904098643704
fun231	67.8222577875412	-60.64405367305388	-41.4199387383238
fun233	-72.91123327155327	27.787332272954764	-17.081579356680624
fun235	-16.898522144625375	10.46205363122242	-25.87264867030065
fun241	-33.872094505804846	53.01987356677653	12.004788484457846
fun248	35.27866576581539	17.359169573610146	6.261983260764852
fun251	23.521342518277063	-25.530949289537066	39.113751462357115
fun256	-22.358189769263653	13.409228719829533	24.614038284351405
fun258	-14.522923705889951	-34.599401081754586	-15.233855594210855
fun260	-7.638403096012979	19.129130097801966	9.095192599915746
fun262	-19.23791563238253	31.016309013901164	-17.456948591570313
fun267	-2.53934712635165	3.0958075252447523	-33.56891094628418
fun271	10.218855089213609	6.248906082327758	21.234760989256742
fun272	-39.90366213257439	-19.870378056674948	-9.101158776302176
fun273	-7.191588469503793	16.651333651296277	0.7842451003785625
fun274	30.010211043363775	-8.411243848488292	14.465808069049883
fun276	-7.019672782820057	-1.0343583984013414	-18.2825830607588
fun280	9.02839681422992	25.593698793671265	-21.075639942896526
fun286	-7.452862127058913	13.793372347666354	10.210698818945511
fun290	-1.775446161353194	-6.375602847944462	54.643921898493105
fun291	-36.02216738713337	5.518825873153691	-21.644271352341008
fun295	-60.29185936437544	-68.220070344836	-22.404524635961874
fun301	36.72832208979061	-17.63402829361225	39.28453475918281
fun306	24.128158389245822	-9.39388077625056	-6.729879839940961
fun311	-6.313392145612614	12.651106202627991	5.173959704039179
fun313	3.1545893343152764	6.371539868428875	-26.318428088704774
fun315	-9.077076229830675	-17.579913619953707	-18.78069937876578
fun323	-14.272366469574795	-12.571215985557396	-23.21256552587871
fun325	0.5722934116969455	-13.644362514175649	17.366991849509272
fun329	44.355094830725086	-8.065793244924784	4.861141413203484
fun330	27.996180968035752	46.73363186526772	-44.63852167364739
fun332	25.566398832841557	12.347083624077804	18.45393255303373
fun338	-41.31960660392018	4.764243658278305	21.342385340551644
fun343	19.546392844788812	27.72266421163016	-38.182109188911824
fun344	-16.532960650871644	2.1931995192075386	13.499819257432405
fun365	3.1924730376764257	-29.12146104946295	-0.4813612548969011
fun373	-11.266507580757404	-25.573392744396834	-29.424501793131842
fun383	29.090681672361704	-32.44818979674504	28.351005663157967
fun417	-7.75095170282443	-23.71211792502673	46.10527285737769
fun449	-2.8601114160138295	-8.662799937495002	-3.8987378429932873
fun458	43.584330414588266	-8.946259562215758	0.3885713410689833
fun459	1.4495648808364747	-43.66697983664861	0.2245080672503993
fun462	-4.773787952488837	-9.825602298487741	-33.278695086789725
fun527	-50.16152680145393	21.35077870294235	-9.271169259762615
fun542	-37.301562395904405	-7.703391056427559	10.17850147993718
fun558	13.580069054852615	49.46458258757945	-0.5980736309917927
fun560	-7.418925261276528	27.188967646112456	-4.806593065181022
fun572	-25.684657555406897	3.366688044270743	3.2279951029167364
fun586	-14.857825545010996	9.90880166256046	62.828272023381565
fun587	9.065853423720867	34.083093260687214	15.903166823902843
fun592	-60.405636144689716	-12.264463988542174	-16.518486093659302
fun598	18.09669700244269	-44.401576738250945	-16.329276517828145

Site	641	3
10	-0.0020697450144277593	0.004147335100431699	0.0007279578659181075
25	0.027695422625293547	0.03089102402412337	0.005460921101527727
34	-0.033300224531556566	0.055896417025333774	-0.006510583740417195
70	0.020789690371345537	0.0502267042962653	-0.05916411875174988
121	-0.04435288327525861	-0.000635999073727659	-0.06602276784613613
193	0.035443188476434254	-0.05694766051768583	-0.026406851861065717
241	-0.06841196316652738	0.010301632038650322	-0.07997595141022758
254	-0.0036741706280263194	0.08826109383832709	-0.002638365845491244
261	-0.07085569028691123	-0.040726988045544664	0.022854694418195445
370	0.0036305861298683785	-0.028098985695381763	0.027481339845235188
395	-0.008785852326133691	0.06269924099590912	-0.017101433446189192
408	0.03941652431674609	-0.038324248586035614	0.032159611681601315
436	0.0456878254794543	0.04716977778678294	-0.00206318438939803
521	-0.019953991582406308	0.0002979853134529256	0.04444436642808043
555	0.009542532239458718	-0.033085017174078586	-0.004784261476982205
710	0.03257049827661505	0.014571352233582613	-0.019406606746805558
834	0.012452833176974409	0.023307350330854917	-0.06977866129817424
865	0.0178746596296958	0.09473230801610265	-0.027424817473021935
916	0.08114385130447113	0.006742003570212366	0.05761218823965564
956	-0.013708419296823595	-0.054232004173840845	0.026270551906246435
965	0.030492441739171917	-0.08180511025020046	-0.060862222758259574
1486	-0.02533913899237207	0.0007910347616949094	-0.046030490595035826
1500	0.025534917252214198	-0.008691283570935538	0.02761424591175717
1531	-0.003016398465155869	-0.04914348600244762	0.029964565800600747
1726	-0.0029043860096536816	-0.009330150266079307	0.039292966000322185
1767	0.039040651503797555	-0.0321658603128999	0.030156258309789262
1973	0.06832125019905592	-0.018178166304782587	-0.007663911892825885
2097	-0.06041084656450928	0.02308878370847869	-0.07578283858771306
2348	0.030721518686991856	0.061909712057328155	0.002720404770811003
2480	-0.03880109492875497	0.005964103998044669	0.05252556016595185
2497	-0.04315143381562624	-0.03680802136167307	0.047733440302929725
2651	-0.0006171602227393651	0.04773918381844507	0.07848973543591367
2695	-0.0444264554070802	0.019120811630864994	-0.022822472654050723
2715	0.042971299887877804	-0.009452664802357357	-0.00027801019428941743
2895	0.042627364891194564	0.020994182983239563	0.009348365498130664
2904	-0.009788640802025104	0.017729126497293024	-0.052864170940969506
2989	-0.028120860452840835	0.018276952263080168	0.0032320721423139014
2991	-0.013483199450048177	-0.028167306864315532	0.017257575003054946
3066	0.02955356780075924	0.04023241776055848	0.02016462127382271
3157	-0.048057847201357744	0.028898900994977866	0.027338877086131072
3334	0.03206832545756649	0.03227059672777453	0.0029349331714884318
3397	-0.016974419656957774	0.061167811840037854	0.007899490986667704
3512	0.08146390171299764	-0.023371862376998714	0.0056020715581656935
3524	0.020729090040233076	0.000987927841805886	0.07303708314206775
3811	0.04017258083520031	-0.050897714956967856	-0.004929038648624513
3821	0.02710558073776891	0.021859285298923784	-0.07457047792072818
3888	-0.04387620437009984	-0.07574061591180352	0.07039859513083717
3931	-0.0014057389240812184	0.058138885206383516	0.029191453795044744
4017	-0.04817113644133832	0.027129582366463557	0.027483050436972835
4115	0.054783350828307625	-0.04765506176187172	0.02114287692209654
4191	-0.07871953262943386	-0.008282984327980115	0.004131050877849158
5335	-0.046576423367277124	0.014274654959318784	-0.030354548213072218
5367	-0.014788550657127548	-0.05065735585971003	0.05109689311474882
5433	-0.04154784298193389	0.009055356014337972	0.0010277247844662296
5467	-0.005140552059892411	-0.02205898515261905	0.0830379046870134
5573	-0.004646738496125233	-0.018561234986703923	0.044523105726297606
5589	-0.0833529043118529	0.012426869970745985	0.015485842189207916
5695	0.01929624509951173	-0.03347998854983533	0.0029794894746781792
5743	0.03938987356440734	0.0004490803227141898	0.03370254992363126
5748	0.04293797984523731	0.018712963378278526	-0.021014166527689736
5760	-0.014010186384873488	0.03776624896133795	0.03205855793616007
5795	-0.0033873130616102034	0.04848180288090405	0.045418872717513756
5799	-0.038911075722649346	0.024958636927174555	-0.041778729474932
5875	-0.02572182528058409	0.03548714751583479	-0.023174502268537556
6005	0.038545707702705545	-0.004240201501431094	0.01479548722692626
6132	0.016529409231153067	0.004387812909346157	-0.003958515066711222
6343	0.013762647284429897	0.06339285418038951	0.021013296846051653
6417	-0.022632263346147496	0.009196468719592992	-0.027691342472035918
6437	0.007784912035159017	0.037202820676071696	0.018519773172315852
6589	-0.003796596685601587	-0.011117530157524036	-0.07291645730877686
6593	-0.001900041724694422	-0.024181609832541848	-0.025838525997717188
6672	0.010614448249788909	-0.011073751398135098	0.002576204965341847
6688	-0.0021391437540688204	0.03485937492279866	0.015174071978699948
6762	-0.02435715255451221	0.06932209467632691	0.011608517552846507
6946	0.03330717534892937	0.000155737560794569	-0.03681060607182485
6966	-0.0020327431529497905	-0.00143146489069247	-0.0080026230921538
7151	0.07693043446932558	-0.025047857705224885	-0.07161467488297406
34494	0.018509504203724776	-0.011935506100511476	0.0030004352619403007
34532	-0.003616934000941878	-0.011670406399450453	0.034723947860437
35345	-0.0023789482245503116	0.04126750252992934	0.03629654033088762
35349	0.07202996014667988	-0.01268252335491024	0.029782334725787042
35456	-0.01914832909590515	0.044821150553800884	-0.03914144130400703
35882	-0.042854200927628545	-0.006291440782234296	0.015257121908149906
36051	0.013839458497702531	0.0010479724934958235	0.03568734209942255
36254	0.019768027536437742	0.04501448134721273	-0.0038338470241817504
36255	0.05672984582230939	-0.02596487084458634	0.0062019496496827494
36672	0.037619418999793076	0.008950988174275332	0.043955104971095546
36736	-0.009353990749128065	0.01131940660048803	-0.02264852580610518
40386	-0.018433448566112072	-0.056581788295690896	-0.015132066931538483
40995	0.004482687414602476	0.07766025560028268	-0.01831857254351228
41041	0.01429305261230023	0.004087716383099013	0.020053447294625822
41163	0.01414209677006388	0.006588969358138872	-0.015403205186972769
41556	-0.01333693318648583	-0.007691276317850593	0.020705309084572122
41670	0.052895524266871746	-0.05561148542470307	0.0371230556012423
41821	0.016782585414072612	-0.03765122356102372	-0.0014955160165522105
43187	-0.043515969725477506	-0.017941587232279673	0.020615277027991673
43218	0.001923973496915397	-0.06482211919050865	0.055760419100148756
43266	-0.08440795694392556	0.011806273889597724	0.05399055854649518
43307	-0.025409199175459588	0.05966467914276614	-0.01193177215288334
43323	0.019005740763029452	0.01748625966923922	0.06933141081184108
43332	-0.06386896839024811	-0.04511758321446674	-0.030174075906387345
43411	0.017709287258015304	-0.01214852192724651	0.04095512562214341
43412	0.00834361985669486	0.02065906841408178	-0.059879548339364076
43454	-0.0066886540422908475	0.0437603407563174	0.06579710331473299
43908	-0.0007787311282233945	-0.01615362701911448	0.014037231396991262
44006	-0.0390130975500008	-0.04184096876307489	0.014548695953411418
44457	0.0017390174791576184	0.016293978712403734	0.003991572564820931
44712	-0.013164676904518334	0.0365352017249326	0.06405446885411636
44981	0.026585532068242778	-0.012896787760951033	0.06874173397878058
45090	0.03555109288030811	0.03413844554557342	0.02965225818178563
45411	0.009656368955447556	0.0502704894621454	-0.008340892110942362
45918	-0.06400057477316855	0.09726079505699592	0.036296552670538065
48363	-0.003523593957837741	-0.012086532396240501	0.049629520462215485
53252	0.036638979349303574	-0.03918201164177041	-0.008200134375164194
53346	-0.02680432239088539	-0.02198468978242525	0.03518330327316087
53584	-0.0183766299272969	0.11755946435901744	0.026044175693180422
53616	-0.03502663710059421	0.043577916931652645	-0.020580354135266102
53854	-0.022473154766527205	0.00873512858119749	-0.027213059636248437
53860	-0.007595764090892095	-0.07876566485929236	0.021199571944211647
57681	0.0024097034119507942	0.02124383042712568	0.07814298466621356
57927	-0.015558621911223225	-0.03601919851328639	0.00660387354471445
57977	-0.051961354431238546	0.03274498462907881	0.05361506833348904
58028	-0.04300814766254911	-0.040485231669590456	-0.00023620094188372636
58055	0.04260446508701988	0.0386906336141737	-0.0427059095061528
58069	-0.007359221656303418	0.04120667250218641	0.010209157098700586
58084	0.06570623979826512	-0.03887405040620362	-0.02206307277596879
58122	-0.029159256682306095	-0.005184077578697747	0.014451952655722048
58161	0.002601214310679445	0.06879006880725098	0.0037711306205715877
58179	-0.01698674876681664	-0.004164522446567843	0.020965037706665784
58191	-0.007431138913450702	0.021847487856071823	-0.0666047385814453
58208	0.019897549985750558	0.04479309917572809	0.11549759395781171
58262	-0.021894245612093324	-0.0037700138154767196	-0.02968346948773605
58332	-0.07562918739047947	-0.010100482692425881	0.008747122305630985
58335	-0.007195135881757367	0.03190928321505449	-0.041696190308301316
58362	0.029820890355045343	-0.066360180801261	-0.01055432592241632
58386	-0.03035907582742108	-0.026009455731571266	-0.010209242445170347
58392	0.002905767994064121	-0.07080129203663682	-0.00017271255871868508
58401	0.020766342084629772	-0.029098923922604845	-0.006747064562459173
58409	-0.035714402747782356	-0.005666376698283361	-0.05076310232396804
58414	-0.0057148148326887525	0.046713114169602686	0.06089345337204952
58415	-0.018095984956453655	0.00459375556888075	0.0966244058999292
58518	-0.016509474575281416	-0.0017710425566533018	-0.07489188142247513
58540	0.046219004969051486	-0.02396183279164494	-0.05719829190575186
59322	0.0038793288372483575	0.021216549123384047	-0.05244244118310766
59330	-0.034661019735040544	-0.024302064428141902	0.01069874083480266
59339	0.037162340137014124	0.006304800884767698	-0.02527642372551914
59340	-0.0334481116730469	0.058444700172870595	0.09626970460643001
59439	0.06737321571600051	-0.03717917419880161	0.07123192726284311
59471	-0.02529432756612007	0.017103766527212842	0.004155104572099669
59537	0.006034933532949672	0.04204097010140734	0.04160487831486369
59602	0.027436507308822355	-0.0760900683222089	-0.006638703441980509
59628	-0.03979659559206568	0.02098852203694307	-0.05800789255288592
59701	-0.030104412995664475	-0.004590786142149545	0.01866332547267423
59833	-0.04794194718505901	0.043113103172679884	0.0009054359475999458
59898	-0.04438228098180346	0.00047019528300348585	-0.04592272715167924
60064	-0.008339668230549803	0.013153863801060624	0.040535174669826375
60169	0.00720237054951399	-0.026999494285361074	0.011181274807869047
60287	-0.030278406635261462	0.030434919248978242	-0.017656316430666705
60345	0.053808481767414845	0.008796115053871964	-0.07010666099950168
60616	0.07134370363130388	0.05986628152349672	0.02636825473701604
60804	0.03904797349863506	-0.04928976065862465	0.014493875118334906
61169	0.07089967762153146	0.017920403846373452	-0.02444992919634086
61675	0.033748990869756385	0.1254415005461716	-0.04350843771916618
61691	-0.016312545226013928	-0.047660011546506904	0.04358892483980268
61692	0.027302921016803462	-0.0026851279235570475	-0.059257786384799116
61693	-0.06993409837417423	0.07508405903989229	-0.004046462498074441
61702	-0.012708584643656849	-0.006266144910934148	0.01582971529622618
61705	-0.035092997686759365	-0.0557273957527507	-0.01705770650729388
61710	0.050554087007432476	0.005470070415758678	-0.01812553768454152
61711	0.05683079267861352	-0.03647204077325704	-0.025895927062756792
61716	-0.019090471615100624	0.019056048971021807	0.03929467648787484
61861	-0.004875247865264834	-0.006207278184853767	-0.029147654584228293
61937	0.05148855640328072	-0.01655635483350909	-0.017765252831155657
62004	0.009317288373306	-0.03822521387983863	-0.03869059321014697
62015	-0.02822328033332132	-0.004874211241107887	-0.04372190140191601
62019	-0.03260655217780719	0.006385625967656035	-0.03625409162252952
62022	-0.03502788189747773	0.02625703494224151	-0.014623741076838146
62038	0.025401459115770644	0.025915854566550968	-0.009111023089935739
62048	0.02247321872940027	-0.0007929715344768504	0.018656031410883
62056	0.02474975017939725	-0.08190666574213953	-0.017749883439639527
62057	0.08073345979624696	-0.0005458576721342662	0.05814744981711925
62113	-0.034869780765783426	0.06920450980330942	-0.02545197033814639
62261	-0.02673875222607271	-0.0037244355910952902	0.02277474991331536
62270	0.051344228107615325	-0.020032983894408225	-0.030137827570573216
62271	-0.006856372314826649	-0.030447942429842417	-0.021607945260943937
62272	0.005651529244722726	0.024662167889527055	-0.06570241308478832
62275	0.030917874139909804	-0.058365606570760335	-0.04627767933805007
62278	-0.05237699056413367	0.02987764638657708	-0.027663310263293155
62281	-0.0277896957670996	0.10217967704596331	-0.05723991060939864
62284	-0.025477473460529813	-0.08165549550200338	-0.011440317604666045
62286	0.003716985261564067	-0.040036585328583355	0.04536343444900044
62315	-0.024993665347362134	-0.011374012860522626	0.03574584663512226
62316	0.06888894873947841	0.03331225118739242	-0.02911443531688654
62318	0.019234184065309346	0.0011154373190197687	0.03817205668706708
62328	0.032288033613167254	-0.01234943404580485	-0.04359266535392632
62336	-0.016680742723658715	-0.01879729493812098	-0.0006198930039480366
62343	0.0005964129402872365	0.021661046827471237	0.021762409554490596
62388	0.036767356600184105	0.01778208201333905	0.011216563246456857
62407	0.021274776874072823	-0.03806813794869473	-0.016543424571906582
62408	0.02257723994398362	0.01637675432824426	0.04231216766914825
62464	-0.0004842756358272635	0.016476423404620223	-0.039538995712067884
62494	0.0019907136591865494	0.048956162136099414	-0.015341768144433353
62554	0.018236798464045748	0.026708257755787983	0.0006706761057267685
62619	-0.0812884310571274	-0.021161055134275783	0.07737169550502668
62744	-0.09737746976878789	0.004971955164272941	-0.03815547668807422
62785	-0.032337231189181005	-0.04451391006965801	0.04008303157955922
62803	0.013165834399506127	-0.07106601219200684	0.06201333017853
62859	0.01968439841602839	0.035020645379479166	-0.04057374526605124
62905	-0.027871507842772585	0.021059829551715762	-0.0011555996809309574
62926	-0.04304482391779915	-0.04608448255245139	0.013950807744732117
63100	0.057601617659160186	0.02133077635140296	0.04454670052791059
63104	-0.018040012202688718	-0.061648966799249125	0.03384002813668956
63425	-0.1121681970853406	-0.010646921501105454	-0.010605761953257587
63617	-0.08121268093664011	0.028821350562062684	0.01640916879092403
63646	-0.02244706702815713	-0.007396614569242666	-0.01387785618585972
63699	0.011172990029024022	-0.009295148836223045	0.004056300603745965
63705	-0.08795339819873461	-0.002558066716023314	-0.01809289112459291
63727	-0.05699091762370896	-0.0677646981152525	-0.011818100710991219
63788	0.0007080869537141343	-0.007038475061396036	-0.04465589847635245
63913	-0.04651944263977993	0.016020540654065035	0.03868110895597543
63919	-0.09025414178234485	0.009099877187307683	0.019968382711025256
63967	0.0062764915223963835	-0.009340549868680449	-0.01706205125296224
64078	-0.0068617301862053766	-0.04843691550493768	-0.054993081513931216
64348	-0.01211519777363356	0.032623479999353666	-0.02939748628858453
64442	0.040641510309226116	-0.011452259383833884	-0.04988993273535588
64513	-0.027529013975045116	0.057698738879925236	0.05123011968492509
64569	0.026462971114120548	0.023735685782949597	0.004430224137469364
64605	-0.010981522361064965	-0.013589037738963227	-0.06708430157621717
64754	0.03981477338326784	0.018535905957213567	0.012559130187822154
65531	-0.0215898598639659	-0.04289065833696198	0.012763507017559633
65540	0.06673407875122177	0.01840810788412048	0.004388282922726612
65561	0.027754942633892516	0.03742264359172394	-0.04606698339356242
65619	-0.05400348495099956	-0.0510503415054567	-0.08345938979766031
65659	0.007965334562065133	-0.02922116300505799	0.04324268626296957
65718	0.005937960940158138	0.03881629633457048	0.05338109898502597
65728	0.01477841572613195	-0.007949280431631213	0.01420226488403609
65738	-0.052087647432000624	0.04073959900087879	-0.01266228759797873
65756	-0.08719401991054372	0.08405123197056484	0.0014789424962693945
65951	0.07184373276493107	0.07508718468840994	-0.10190426520071962
66028	0.02775859380782191	0.013624169940756554	0.02163811597215504
66097	-0.07871885000714757	0.0037222995682864007	0.03210249715420039
66142	0.04745194681900829	0.032348345926491155	-0.05015342081859593
66157	0.02345022758303888	-0.026685108753946286	-0.0015799960378402107
66217	0.030792099008088686	0.0011351927664348808	0.07992655694469844
66242	-0.01046994892400393	0.01082666274890417	-0.014944469875040224
66417	0.002776725164095593	-0.05325149172754512	0.013996944201776074
66571	0.029132976861608328	-0.008684120420803939	0.09094941750210428
66612	0.04147139897974848	-0.01904203684793803	-0.03677101176316209
66652	0.022639008434505465	0.031299162986782224	0.0478164626270307
66654	-0.04371025118827386	-0.011534693785144923	-0.09182677785764835
66700	-0.0020484916382689598	0.029860841556760633	-0.019562820348630796
66747	0.09936050371409441	-0.014612251467993446	0.004576837634725801
66774	-0.006712262145662102	-0.038146726789360604	-0.04168261830112851
66970	-0.039303799531146884	-0.008870166542594624	-0.020439589322528744
67000	-0.01842085925073149	-0.06075197332551982	-0.1391293778283571
67006	-0.04004441910115244	0.04505096889976517	0.011150813524190614
67093	-0.04493171847024186	-0.06625805162812261	0.01454005724316472
67111	0.00741581207021636	-0.00560522253686829	0.019848103145952343
67112	0.023823081253399634	-0.02834419151783908	0.013927886141330306
67128	0.028053344929623865	0.027594214540934636	0.0040907256728893795
67242	-0.0053654811296021355	0.01194330906675344	0.003186387075115872
67413	-0.049543998723267826	0.01905012058822296	0.015316802556270468
67420	-0.01732614542497212	0.006815637493923257	-0.060043056144367175
67423	0.02058343607508566	0.02995864997011745	-0.04676600857531239
67475	-0.017856893997389413	0.027210213972423562	0.03959446838870269
67478	0.03956921582950471	0.03268201417310096	0.03994041813945691
67547	0.028444835528095472	-0.020319549934497562	0.06963980103167704
67551	-0.0029102245070954796	0.07074847737656274	-0.055248871264786614
67610	0.02258229611700932	-0.03182064534614426	0.03843506382463755
67754	0.029077533960834113	0.00016099830953385618	-0.0616715366825286
67924	0.04845917654140461	-0.08077985326157816	0.03453902284952866
67982	-0.00915663760285542	0.007849718575828675	-0.025545941392123194
67997	-0.0206612796155379	-0.05813614101331878	0.0030319415866455267
68011	0.02001563323325565	-0.026606207250724073	-0.013411489560359304
68024	0.028296700555038225	0.003976215862227975	0.0793076579132131
68076	-0.03592946703821987	0.00040375844149296696	0.029539864210912866
68089	0.017012853395039614	0.047018448823809324	0.035206512024365574
68230	0.008434138873327954	-0.07972769515829811	-0.05236038794002064
68291	0.02898549163557196	-0.09878427246435925	0.006047891867745314
68313	-0.006033498520369709	0.049614033355904155	0.006935848739960696
68411	0.010160935357051518	0.0428522011575047	-0.010299519277456941
68596	-0.010222488210779824	0.008976667016143044	-0.016630178011237905
68637	-0.03177365726047875	-0.014412020873840031	-0.09024587533958875
68666	0.04524868508889096	-0.010907990716858195	-0.04454891110064352
68705	-0.027861811939149914	-0.032612051711451116	0.003406721540204078
68833	-0.01546370493556695	-0.07636085322952198	-0.024647103234059355
68854	-0.050253180561421244	0.06391819820220779	-0.012507245725881938
68865	-0.013631946760256093	0.017877196600823715	-0.07138325050417248
68979	-0.01589369026987456	0.04772814655706698	-0.07514107897003475
68995	0.040867145619702644	0.06162639476607696	0.0314180434865109
69002	0.029857994641585985	0.05883684138431617	-0.002198397171034894
69014	-0.001602062434942141	0.0378696922202868	-0.01477809281177181
69125	0.017141359772110502	-0.04552029286402201	-0.07066799643969847
69152	-0.005262546603381316	0.001829030070831896	0.06403976817845236
69167	-0.012027998434862417	-0.03684491688819991	0.03064877169242952
69289	-0.02141702503564882	0.10051133338391303	0.04490264545149326
69304	0.027444656095415274	0.0006941530085597025	0.03965999514693381
69312	-0.011376357136648654	-0.03354179247049161	0.00727382160828667
69322	0.04084600366523522	-0.06285470414068103	0.014655396718084806
69325	-0.0290648145443465	0.08329526651176818	-0.05313159049924693
69350	0.05946401196392694	0.02955748838293206	-0.011346814537565714
69354	0.020526235362891485	-0.04381386430517404	0.02707414210369259
69433	0.02656560297788873	0.07780848957067145	-0.024042957888968642
69440	-0.03240059888550936	0.024167874736221194	-0.07424355912998773
69512	0.04488421313895765	-0.0015272712151990799	-0.013269916681056426
69559	-0.05529001419140062	0.0007954111313716082	0.015886603349451783
69577	-0.09209585606242092	0.008987126285901774	0.00369101546798823
69627	0.10176905796596322	-0.019294632642674087	-0.039955247509253104
69638	0.003478983368309034	-0.07406852775528061	-0.05497772623277213
69686	-0.03689969426817275	-0.015013324962780341	0.05111195689387274
69739	0.023744105110076453	0.04727795454875779	-0.01923098614177346
69744	-0.06762092867269613	-0.049831146797048836	-0.03266338305160723
69897	-0.04307776355020754	0.013967374665621325	0.025399321539592717
69898	-0.09817715377798271	0.03201922285357113	0.06221503141539692
70068	-0.014847569617427663	0.008387587575109655	0.04281494518264036
70218	-0.04134247651455428	0.03530086559764461	0.027502248163299634
70260	-0.07828166776606413	0.03215623290890012	0.023947194963330618
70323	-0.06444558303500522	0.03231949356336703	-0.06922810152954251
70333	0.0513300959454409	-0.005507151036915823	-0.011653357175565503
70430	0.03874143612028989	-0.012454933028380721	0.02581316928148707
70527	0.06940328122723403	-0.005965537644231515	0.011400896165660986
70670	-0.0799650966169731	0.016557547603629097	0.06162328033311243
70682	-0.0038749503798441057	-0.04347226819619891	-0.021098740273381905
70795	0.04329643068451012	0.08899065225827564	-0.02061934128417582
70801	0.025535473927326365	-0.011577170408988941	0.05654228994283005
70848	0.010793432447621622	0.03796977842236921	0.034086287070383185
70912	0.007013410305365995	0.04383650180333159	0.012390744411572945
70914	0.010863077771250727	-0.0024104276770794218	0.010365878889073473
70915	-0.006014531878466411	0.0052333284469401374	-0.024948553731616214
70959	-0.0392525537825076	0.006947565110327729	0.02791003143655617
71040	0.05936659309260238	0.039638189452241505	-0.00016362537826993375
71051	-0.03445803589959961	-0.005245167018556994	-0.04603890265634177
71070	0.024984437531695356	-0.06186194639559292	-0.01886944425066363
71091	0.004707054444456463	-0.05824393437667094	-0.03363792026776252
71103	-0.0907354421758496	-0.018834029274031033	-0.008613488269347677
71166	-0.012023248626567794	0.007353712768480809	0.042024849019210685
71174	-0.001162872525409181	0.02544611068945405	-0.02154032965980898
71191	-0.0036293392341168727	0.0051296524102530236	-0.02937346955435218
71373	0.007287397740530603	0.02463068343815348	0.013600433221871147
71431	0.04307897520252659	-0.032450018661934595	-0.07919058439096893
71528	-0.010747215262682495	-0.009070005492243911	-0.01098749001723247
71536	0.04535998389059394	-0.032750981863638375	-0.010953237320751106
71585	0.01323505408357537	0.012996724651350525	0.021377381671895703
71590	-0.03580888464909338	0.007651933478840553	0.05474925952805491
71777	-0.07806440303077943	-0.030054019427884944	0.006058833368486508
71780	0.012835579746842284	-0.056640896234828236	0.003328692300568515
71788	-0.09017354866502454	0.02474104115815233	0.08230913842055919
71870	-0.004710741638555627	0.01634480984604627	0.06480832237030977
71906	0.03440341356770403	-0.02765670953020384	0.04885605792243957
71987	0.002949976915127126	-0.023858437903799934	-0.05201193652177905
71994	0.03637743665233704	0.026527026652598443	0.015464244059292585
72156	0.012319088857190573	-0.004378286514591624	-0.033083367428493764
72199	0.017789029870074687	-0.01516190677984451	0.03964348023830777
72331	0.052167407022359655	0.0040310250577199605	0.07472846074887401
72346	-0.009280344161108033	0.028421991100966344	-0.028738454485948035
72381	0.04197302739987944	-0.006362527312657539	-0.054004572120210065
72427	0.070499549380302	-0.0017306047451234577	0.04420914390533135
72518	0.000900684450841712	0.013622772145884126	0.00886639478226625
72519	-0.019730815972174204	-0.040642990277481375	-0.027625803733308453
72532	0.018215932330907812	0.007560672609892485	0.03654383673725932
72556	0.019305562607616067	0.00998853868331881	-0.07448295322099675
72683	-0.04040580103332444	-0.033830034198142254	-0.025575180149318616
72704	-0.04044106083565601	-0.018039248175030605	0.03408995131566511
72789	0.011148113987019745	0.01723028894659207	-0.01371462407937743
72840	-0.060439646139191186	0.013663035035323767	-0.035297699235324505
72843	0.014239777277325194	-0.08655370897954967	-0.029542998134732337
72848	0.034094496556013536	-0.011413257726648064	0.00651252251625031
73021	-0.006216363973453176	0.03308521911280557	0.027917621995206504
73172	0.044489062278856996	-0.0012203804275996994	-0.030565046927524785
73200	0.0019042777317877383	-0.011928913061190644	0.005310204544623007
73226	0.019032329026365057	-0.03382747542209329	-0.041796510063590496
73283	-0.0006595537613487542	0.008814537319335455	-0.07493733437468965
73366	-0.051526534363976736	0.0016304076851524154	0.07742814007895178
73406	-0.09263111576839617	0.023024853259481323	-0.040037231010881594
73422	-0.03412253355440925	-0.03027233186319092	0.014993191558458694
73424	0.001210470190231454	-0.007648759153304192	-0.03789940128640559
73480	-0.03585150107906198	0.016040821857634148	0.05633313263545902
73489	0.009786887641493516	0.014059657969728011	0.00209860700143867
73498	-0.044633884752202396	0.005426623648106083	-0.04706284178165513
73499	0.02200250911829393	-0.017241056488016118	0.05004379611841563
73506	0.011204030347827717	-0.019923680738439326	-0.028274499726903653
73510	0.006505685568527432	0.03091625907131433	-0.0304198876497645
73832	-0.0062802678530750715	0.08790928423966403	-0.019125993076046576
73923	-0.019983076668339175	-0.011256155475555063	0.010014353296069988
74032	-0.009350068086216586	0.0026758919350203607	-0.004121648540828369
74801	-0.07279926999341561	-0.03006123438430802	-0.011266764420666297
74917	0.06290043157484228	-0.010693145221371929	-0.016612004169212595
74936	0.04041311948322946	0.05847012925026901	-0.015338001775303105
75330	0.004134713290394878	-0.08243331663454222	-0.0011630761288734391
75446	0.03319458957697566	-0.015147895963574716	-0.02598939346133882
75537	0.0641776886280146	-0.024628444832245737	0.025325835836197096
84073	0.0361272828978062	-0.0022408453785447775	-0.015707841382391646
84469	-0.002582362968395378	-0.0040763995928685594	0.00019492896519391297
85231	-0.013905564887292277	-0.02056638465108563	0.04224207470145377
85232	-0.02626618466829481	-0.03623213274694537	0.03836460985378386
85233	0.013109913732642229	-0.017906288282663347	-0.04331833840047874
85240	-0.08092197210544709	0.0177728986872493	0.022434273426938878
85259	-0.04774607996552535	-0.0027642311538197102	-0.04759367864738356
85267	-0.013793586053854908	-0.037244031157506484	-0.004868063913692469
85274	0.0038650578269166904	0.023106980855252934	-0.01593782201200121
85289	-0.032939706692893506	0.02449924895527606	0.0339453531798811
85346	-0.03497209631629365	0.05503990624830065	-0.014257313506699395
85390	-0.05923621392892413	-0.0023478005217511615	0.037862070271367156
85483	0.03886849681912436	-0.02368410312283233	-0.03348334549377939
85543	-0.05271448709536819	-0.057942763725970015	0.04679676554467152
85578	-0.01267727552528498	-0.04253791020414939	0.07207380945983992
85618	0.014531607481326399	-0.011980227451904961	-0.038581432624195035
85619	0.00016913713963067343	-0.04346477826974012	-0.04745832177757173
85637	-0.001576178403153222	-0.014781479662433386	-0.022355466570105474
85713	-0.03882957260115434	-0.011142829655223339	-0.05555130192656313
85714	-0.10286370426832818	-0.031194450403498563	-0.06769168415080162
85716	0.044254032890438	-0.011271387609628387	-0.0064165868252874046
85739	0.0003406422872842819	0.027634661242620127	0.04113412887013833
85744	-0.016015794894033777	0.033258841946645454	0.05483279473177714
85773	0.03413089971573843	-0.03991323911441106	-0.034433840591787335
85782	-0.006132172278205701	-0.014424510623594454	-0.005048818669030316
85916	-0.0033205480819140138	-0.02966529949560727	0.07269921665341117
85920	0.016752688194162937	0.008905715666601328	-0.016666280041424217
86188	0.06728030918040408	0.0373776065944059	0.05806284211093289
86208	0.027700395744301446	0.03968734911462348	-0.01786200199477877
86223	-0.004265921873213943	0.03647966440406905	0.03970693684607913
86236	0.00772711323710191	-0.07726556068764283	0.029956021172082455
86262	0.01650542107959931	-0.04613643612904817	-0.044291073950279536
86263	-0.014372159727772858	-0.025876281736201476	0.009579438039884192
86334	-0.02708698269846005	0.008966434332202714	-0.0032276104371082976
86341	-0.010461253173142742	0.046967748418885895	0.04364755556066852
86342	-0.0065013537057244586	-0.036091126289801365	0.037066619791053565
86390	0.10175508570723445	-0.011765859742596299	0.020992315048667616
86412	-0.08939977929291573	-0.05079428934018934	-0.07008101444220852
86450	0.03544259031548521	-0.03994761740880233	-0.005885703226397043
86464	-0.09825845989325344	-0.09627870713973505	-0.02985244902860484
86472	0.017113997492324146	0.05663763501671792	-0.04849047154445089
86478	0.048647508655137124	0.04639334156053459	0.006428836593981168
86479	-0.0008306004804326619	0.010118092632873204	-0.1088156556357035
86486	0.03666035438968874	-0.0364385922188562	-0.08807012376314353
86489	0.01893042490322795	-0.006124004347518662	0.022360868598771854
86525	-0.012712535492073677	-0.1283033223469265	-0.07887477644779006
86545	0.02511228121900158	0.12255708251601646	-0.06294499625713249
86592	-0.0168431783366428	-0.020818910253173024	-0.037971359030955575
86625	-0.012727612234707074	0.07658201445843928	0.004250870051136388
86645	0.009794653253033012	-0.0076755600730981765	-0.022943194929902423
86656	-0.046187256921690165	0.0165627732508262	0.05055376558443351
86659	-0.07795214897034167	-0.08072421927965208	0.001984121132522838
86666	-0.025923876694694925	-0.061297892889248834	0.039923621272636475
86753	-0.017034877707892426	-0.08336710358432296	0.021774526846414205
86766	0.057530767400517664	-0.017085165531063314	-0.011297191575506746
86791	0.04323887896588552	0.017984886765406827	0.07864300866239529
86803	-0.08207411798856065	-0.06572575048708965	0.006126932765548216
86873	-0.007533106800770963	-0.029184756082955347	-0.05788404257833197
86915	0.041185671071953894	-0.046487696576424015	0.0020368704602018355
86949	-0.015451108805900065	-0.013584783272998774	0.08700577187549562
86951	0.028299222791363023	-0.06529657869998229	0.07404230052702014
86953	0.04488560924126957	0.0021176580151564656	0.03400491614931945
86966	0.041970254589677146	0.017081854572481573	0.032046956508836134
87001	0.07954876337193828	-0.045183768726889575	-0.026275254848465667
87013	0.013399771887603246	-0.009977154495647685	0.027320585061481092
87123	0.019630070320481717	0.005446489266549415	0.032728839714610436
87135	0.026272157480756682	-0.036619520852777275	0.0341911659684595
87163	-0.02414293033118502	-0.026906495900969517	-0.0035092681042960547
87182	-0.02411390963537561	-0.010570353580719073	0.02853577577585018
87286	-0.01976829191325707	-0.041976701797224535	-0.001388303991934069
87291	0.04326389138350011	0.07186144529365608	-0.005396095193794356
87294	0.10323870025721169	-0.04278739858950037	-0.00032041425226751497
87295	0.03946605190139082	-0.07753305564382527	-0.07202976231817317
87299	0.0901595478115437	-0.054246092790297046	0.056980460915704176
87316	0.029002355146586126	-0.01777852011237051	-0.018776416931713034
87332	0.022797783806157577	-0.003097866104286319	0.04193683274516853
87337	0.07920930120684898	0.02430547485886778	-0.04043330527866086
87338	0.022229677480172714	-0.02963194461576324	-0.019980868687128384
87362	0.05515637632958767	0.03668788693396214	0.004456960223180723
87368	-0.0179155835702913	0.009367384800915507	-0.01668886340002474
87374	0.02855821210958967	-0.013762818145540237	0.03560046479277068
87376	-0.0023703851076813222	0.005583013667863171	-0.04461380046112893
87393	0.03524021245241364	-0.004503425820049752	-0.04000505531013852
87394	-0.019527696785286663	0.008295515541097599	-0.029001233117752444
87429	0.0027773744646974324	-0.01121544840117342	-0.00316981654279431
87444	-0.03885230577142042	-0.028296125910167377	0.03495871820643557
87473	-0.02788470405157428	0.03861201443634202	0.04747511312741719
87488	0.010968370361817312	0.017026804004953905	0.018036622220539495
87519	0.03037057664034416	-0.038863524851423054	0.007246249798920779
87569	0.029861963532194464	-0.026488393285161418	-0.009699858987314732
87620	-0.006989063512989986	0.04236277202773367	0.03284456752623887
87634	-0.06947034543474655	-0.013911716627655857	-0.011229645717675901
87635	-0.023881529396657185	-0.003246176077062552	0.03761935941874458
87786	-0.030120401689371152	-0.017471291777725228	0.057710846279287645
87846	0.011003149788375735	0.0992018310113519	0.0003935261399478241
87854	0.08451355503122623	0.022106264320388577	-0.04901918957961952
87856	0.04111153073770673	-0.010818672107503095	0.04167428710585407
87870	0.024677666876499048	0.0638689700998202	-0.01277478234606127
87905	0.041309490526919075	-0.007585516936277122	-0.02129749159764137
87975	-0.08219346801756715	0.007886272123887378	0.01798333707227137
88013	-0.05484086741606376	0.02409359155110266	-0.053680675173914824
88066	0.004729437755510236	-0.003975636938540933	-0.04489568647669704
88174	-0.03504364608065901	-0.06135585068477449	0.013822171729203551
88199	0.06477324695669297	-0.04419386379820591	-0.01246850751191886
88200	0.010436580253291887	0.0425457047697855	-0.03194783851714225
88215	-0.036192315293738564	0.03330348628416419	-0.021965331299682988
88285	-0.011030413659215806	0.016538890836609664	0.020286210342887648
88296	0.019776926462289363	0.0004316833025728308	0.06363313109461334
88359	0.03363817078258169	0.05576759676040832	-0.007089870047630273
88396	0.04019582606381976	0.029141846501234976	0.006211371411058013
88425	-0.032896517611248434	0.004547757893934898	-0.07848568787721376
88487	0.03581581709053843	0.0002741976477242673	-0.00040718600901090235
88500	-0.033254307037404424	0.06603398417542766	0.02850595175280492
88518	-0.01111478829082601	-0.004483919786678466	0.07157027608604712
88528	-0.0632207152841249	-0.02001693390388154	0.025517446282475386
88667	0.026981239729653297	-0.04755224706421855	-0.0632954096452517
88739	0.034736747290258774	0.07402538040805806	0.030689460869579945
88773	-0.01297120094982392	-0.06478896613572807	0.05984907878618941
88776	0.02507511142788166	0.0020939732526851318	-0.0304636057463173
88916	-0.011297643198683531	0.04157002432969662	-0.022755346039829403
88933	0.004801640064329087	0.05463409410380999	-0.01700845420714354
88955	-0.020230527407383632	0.07574771488284476	0.010627113284669896
88957	0.004399910818662373	-0.06625437534227661	0.023089050316695683
89006	0.015452190245710281	0.05281789760905495	0.01429350860333607
89072	0.012099238564924427	0.024352441976124423	0.06847085319605979
89079	0.04615866787374067	-0.01630168346747907	0.019335199249823364
89083	0.027079652105662363	-0.045619298533193596	-0.04761404820461437
89104	-0.036742671111254364	0.005046620302653631	-0.024220616419814944
89267	-0.03220191661065345	-0.006345021408958872	-0.029172546418654112
89288	0.054141838774739305	-0.03930796626728094	-0.0009126368068005843
89290	0.06827375458304394	0.010279876549661515	-0.006444384705193479
89363	0.015519117007482767	0.009666168946364677	0.0038789380541150663
89376	-0.001405865715199161	-0.02007331746241977	-0.01789022341836936
89394	0.03717974096085466	0.06812592354617682	0.016496284214404373
89425	0.07717089535781704	0.05365488967774117	0.013803415544250833
89440	-0.07487979285313505	0.020950927565494853	0.022428838370470276
89460	-0.009465592017836378	-0.00010116920082677583	-0.07416018132815695
89467	0.015150568310225578	0.041364636732416374	-0.0653355610123583
89551	0.07355656973745422	-0.0009965033202066105	-0.0022862262662699966
89583	-0.027097099338912856	-0.053774498794118455	-0.011283233563126731
89632	0.048160215071498855	-0.007752342771103563	0.06795854960447621
89730	0.10179220430598111	-0.007123461228496674	-0.020671328344392257
89740	0.045756741079164	0.06074294623498218	0.08682203604177613
89793	-0.011192850266947723	0.023856795267247446	-0.04179079625512416
89812	0.04262698447654334	-0.018295296068992457	-0.025669583531825586
89814	-0.06466852883000121	0.031134422279100318	-0.011436291777919572
89863	-0.0008851797980771536	-0.007415631504223014	-0.007673036405179066
89972	-0.04026591553457065	0.04963783714033726	0.011330672035621369
89978	-0.037558784167896035	-0.023510880326330315	0.000508187232199253
90002	-0.06250435126697552	-0.06995140831674754	-0.03479710963726136
90005	0.015331148493249376	0.008461636188032534	-0.003757075562885357
90039	-0.04838719965261865	0.05265054014160764	0.0041022973321427954
90176	-0.0372911403536617	0.04713988024285015	-0.10364125027989862
90206	0.027349936642780306	0.038949018590100616	-0.06317454947289641
90386	-0.03137506613506981	-0.0058091766580704125	0.05939195143576747
90396	0.016701157908727948	-0.0006462242116473337	0.04141941753536513
90426	0.052819273116888686	-0.04751400651771544	0.021103907118358804
90500	0.06432301220521726	-0.0353333629223349	0.026390261777521535
90534	-0.024126920942187127	0.038216597001441525	-0.03690643564652212
90633	0.05390867835448713	0.04729269359925421	-0.004668950142550549
90787	0.02948258701914482	0.009322194279217568	-0.0156521788631657
90795	0.021840744473814393	-0.027908642211115133	0.05964123219279866
90835	0.031069569946355322	0.011135582993110653	-0.04935921525077179
90850	-0.010736187480421128	-0.03520831215645863	-0.00039185116315499003
90864	-0.08791349109605226	-0.0825876750041239	-0.0025611996176794576
90917	0.0015654917318444499	-0.02580610371415708	-0.00013577320821581831
90954	-0.04610045496023368	-0.03268666759847557	-0.004409564096100089
91018	0.027614579433702883	-0.0023064964193365445	0.00981214836087254
91118	0.010754560603404531	0.059966441193600485	0.030058836835406916
91287	0.025809317488395916	0.021198544973646264	0.0419509924025378
91337	0.04843398831566977	0.006821992723437704	0.0011232653051450345
91362	-0.04425114652124656	-0.05317191130723801	-0.07419094436667947
91473	0.044216724106382006	0.02811752652133579	0.020627947267864342
91489	-0.035222455920186156	0.04047763740073788	-0.014984800935342563
91506	-0.04420903578447815	-0.017157893436777674	0.011470689680442556
91562	0.04432127441167825	0.013236500615968438	0.024439649759855537
91720	0.00943038723712751	0.030246382980950257	-0.04819741871841377
91884	0.05941349341472483	-0.009569027026673189	0.05143930210273259
91898	0.008852974911094148	0.03470021931696063	-0.03935461802210371
92095	-0.012716969526310164	-0.0547466487836773	0.052910411438713854
92210	-0.03272314098676535	0.055701141834695954	0.05173905357070455
92247	-0.06996368127711693	-0.018505904953106826	-0.05406872202293456
92300	-0.030869535900143245	-0.04635178198693891	0.026323154863405505
92382	-0.03148017208206239	0.09375955529317949	0.025744765794984532
92384	0.007394819238907725	-0.09740275345931444	-0.00294073828846657
92402	0.020074897652115023	0.04608154918719393	-0.034786286144892826
92473	-0.028947680364059376	0.05467923555060385	-0.0008511681240790624
92533	0.0003912625823682454	-0.08324205235443272	-0.014630549345012699
92608	-0.03292744842375152	-0.020190646027884836	0.030828308722020432
92615	-0.02439372913918369	0.014895266072449028	-0.004900147015642548
92633	-0.04816542403677076	0.025071422137939548	-0.028195204721321993
92648	0.01101461355646223	0.03696202105260851	-0.06479339682993183
92653	0.033030854469334514	0.046577550662748095	-0.05714001968854991
92662	-0.044284215067735694	-0.04508350284283866	0.03068694281747485
92704	0.0013264558182331135	-0.022007540259214916	-0.04396794828090639
92722	-0.01740022577275692	-0.05199564427487619	-0.020407565751746765
92734	-0.024014517109104672	-0.035408864043238696	-0.010480639274128676
92910	-0.03232544366850412	-0.07196044159338619	0.02922904113026248
92968	0.03360875467047007	-0.014150104354938612	-0.005681701124584225
93010	-0.045744420060590534	0.03700242821722327	0.07038612255983527
93042	-0.009572422722378453	-0.06308887116351965	-0.0689270309570732
93048	-0.037574939884445636	0.01820394589499411	-0.031600319310457696
93094	0.02283903851258949	-0.07208090640314868	-0.00023778743180968693
93213	-0.00588855428065573	0.047100831090178985	-0.029646672964853907
93238	0.0220137170085002	0.05746574313069033	-0.03574726760507306
93340	-0.06688643476161807	0.002488964920206701	0.06503047159864478
93346	-0.033876706131440296	-0.04172413585144828	0.06611269952884584
93375	0.10946117260294841	0.017906960862456713	0.05097808025612082
93470	0.0016163779938971688	-0.005389790282313006	0.0182110170327392
93474	0.05656098477513152	-0.008463344800421947	-0.024761183172027718
93560	-0.029477716724963975	-0.0436733748002325	0.04118308354827529
93625	-0.029131969368917206	-0.03590493205086387	0.027638795559710737
93695	0.028635537051255884	-0.05357330079582987	-0.056071312123345374
93730	-0.042606805764010554	-0.0555974947073731	-0.01462838573843398
93736	0.02353104761559233	-0.03888614058076071	0.01994785435606488
94010	0.07636014110994563	-0.016608753211614143	0.039216280848404075
94112	0.0351075812117885	0.01032766668198186	0.08824065822142464
94453	0.020172771973360558	-0.029582848460986834	0.0388461698308402
94574	0.033624957819838756	0.020307430460289367	0.003045137189945508
94633	-0.06387695710017577	0.029044313958942337	0.007552512753937218
94636	-0.060001765712245345	0.01997054384244898	-0.017588632992629777
94704	0.07879323591817453	-0.00467076882379317	-0.018525293206623626
94768	-0.026993735765868675	-0.04802716174417379	-0.040867252915370425
94896	-0.03829814961114964	-0.03349119764348049	-0.0030670186110332777
95018	0.04551579460413404	0.03127868117274037	0.014359371267017517
95095	0.08480343976095918	0.007816046109933623	0.0322270139991491
95128	-0.04834219123886753	0.03757793947392339	0.00024015293032845887
95159	0.04715213078018294	0.03888886969222795	-0.08571835424380071
95179	-0.05741876901683655	0.004097413822837418	-0.026581024154093153
95183	-0.009768627176843172	0.04134572590518655	-0.02902243353454506
95207	0.06000504858077145	-0.021541696547443548	-0.001015508791571741
95221	0.00042100951903849195	0.029188274107716714	-0.018146358985375016
95284	-0.027070117904517764	-0.030218138151064538	0.021890613382841376
95341	0.05861508471972556	0.04019828815936586	-0.01948687790268806
95353	0.0031688890833427652	0.05544857622904396	0.04862673229050028
95410	-0.019804257416844204	0.030183656156973854	-0.026352993268834418
95460	-0.021165877495881124	0.048459091470614765	0.00896187992777686
95465	0.004148757920642622	-0.022265975972456376	0.03239822327033522
95515	0.005193403321315591	0.0256731833516255	-0.01769595279173184
95566	0.016807976954796213	-0.02771761868213984	0.004560585448131226
95574	-0.010456748566164645	0.06130520708783846	-0.07859270777996304
95673	0.006845767724801855	-0.07860667372795838	-0.03823831501734809
95688	-0.04207169962246558	-0.017795587147757565	-0.001787165573591437
95747	-0.001677615151158681	-0.05022202262752893	0.010635760237107805
95901	-0.02083083257784616	0.03218729126152221	0.04388464273209729
95990	0.00591292662468256	0.03134449860860967	-0.036609307418358696
96163	0.02318185259429563	-0.0722637900660324	-0.009461623921090751
96165	0.0024256224817157486	-0.01226792337076931	-0.0046101399607820885
96243	0.007807472672797167	-0.010543023980944035	0.008370494535772963
96259	-0.0666293780264621	-0.04686425118818639	0.026057912310978947

Biplot	0	0

Site constraints	0	0
