Eigvals	3
203.08958788767058	184.2370183274424	159.3932765628373

Proportion explained	3
0.4100147268767175	0.3374255249328211	0.2525597481904615

Species	56	3
fun1	-0.9874042331858048	-50.747108234241466	-16.37090294873215
fun2	13.581683010193748	-9.190483222064211	-20.037460902465316
fun7	-11.64100294790872	-24.233018783431355	30.825367815906574
fun9	57.38695773053617	15.163916246630368	12.310984556807876
fun19	21.491522835870143	4.054193859679715	33.42516927247201
fun24	-36.90244881514988	-54.45622407898851	17.11030826277849
fun34	14.521450596133144	-10.95057015474947	-3.368787555695746
fun58	-20.655770765850097	55.27425634592384	-3.468743341060317
fun64	7.923733545595848	-18.30182921282128	-15.882506063421808
fun70	-1.0899785963318749	-1.167870629199692	-2.2444147380022286
fun111	26.272166586078505	0.3766293508922361	-13.526683368640375
fun112	-14.705298445280825	8.128922949028656	14.843934631494495
fun113	19.10228858238713	3.2922934359363576	7.823843563347394
fun117	40.6366959002805	-12.115753925385372	3.4313479778385383
fun141	8.600616040591952	35.01023541907372	-4.758652882823997
fun153	-23.037599119235818	24.502178542749515	38.35771077542956
fun157	-16.498703564149906	9.790862737731388	6.018817773836255
fun166	-29.605058050109623	19.884637513821716	11.779972632748983
fun188	47.26070614339946	7.769729917237612	4.111271152982687
fun193	-2.6542667136222393	10.591572743668815	-52.16226715057243
fun196	27.371327213591456	22.913452373436705	-17.313518978585275
fun212	-0.344428353477307	-28.255824976211088	-47.855369004199424
fun218	33.22699642513368	-6.394858585814581	-3.8113579548086687
fun229	-29.141544341337525	16.75580023989311	-2.4070592492097385
fun231	-8.902937395965527	9.482091157597115	23.157794716490162
fun235	4.645951682016874	-10.958085673230554	25.023204800343613
fun241	-8.37661899834971	37.18128427961671	0.1314880848540171
fun251	16.187117195578697	52.56832109760482	-0.472808278644479
fun256	10.469845696569875	-13.857011111006107	11.332720666682293
fun258	-17.990398299000333	-18.502544196477942	-21.526890147971148
fun260	-36.55337584556255	-39.45715709255921	3.174145997743247
fun262	10.889276724385553	-40.258449387901464	10.295816640184894
fun267	-45.70893599851973	9.1591522438867	-7.6880890109837905
fun271	-27.992310141081564	4.454289892651461	-22.79092114865418
fun272	33.442416855456734	-37.57680972934939	-44.86973287090536
fun273	-6.406133751715928	6.896647449675938	-2.839123671690233
fun274	-36.32839847845644	-15.77399500867009	1.6842488855314814
fun291	-50.1300070865461	-13.373681415393484	6.231378224861367
fun295	-38.99347394708348	-10.466153660146682	-5.1452841001062515
fun313	14.179731072566232	-8.964643505092745	-10.650449637764673
fun315	12.414228095405056	10.860041536220338	5.200144193874042
fun329	-35.03566035958857	11.65543039007746	-6.2119683201236
fun330	-42.86926637976322	29.030013326703745	-7.607301242832621
fun332	30.224433161535853	-17.629795855695644	83.88411905434717
fun343	5.492562804676968	21.707595744846454	-24.097332889641525
fun344	21.6841351930583	34.60966524082559	0.24808550230112314
fun383	-43.21593191042988	-20.52411137882902	1.6662912196093476
fun417	51.6049214308942	-25.65921724287064	9.327237392114146
fun542	1.2382344143521091	37.24510374190589	17.44055511315604
fun548	-2.7467380247800848	3.620083545573139	-16.036457694913338
fun558	-6.740454485123238	16.338579463556734	17.077003292872096
fun572	11.325314946646639	13.612617828982174	-27.032033500140418
fun580	4.880486489696658	-34.72313269280235	12.598175776744961
fun592	43.43730849528675	-32.843220300396794	-7.8530112599920034
fun598	-31.068164261196905	-7.44039310743522	8.819279718570348
fun599	36.83020044088458	31.892344545336364	-9.301289783342108

Site	641	3
10	-0.008624939192708226	0.004000565830471525	0.004205948344605965
25	-0.02959902380941147	0.011597442749524978	-0.06500344176765048
34	0.038969825875349744	-0.010920693244872076	0.06483839404252027
70	0.008131296003887711	0.02439849863908448	0.00018176493396823717
121	-0.07261016317339927	-0.08298660386277083	0.019666856447159473
193	-0.009194798193289274	-0.03239069927741275	0.002612294812148917
241	-0.08502613746529217	-0.018635537412386653	0.048519564569308705
254	0.01125759575264917	-0.00778588877561617	-0.0169901735576132
261	-0.009158854827055595	-0.022356511571484265	0.02490550058559411
370	0.018645670976291297	0.07832612680040868	-0.08146795313882733
395	0.03833183727743579	-0.01058715236596045	-0.0008544659869995073
408	-0.040746057878796156	0.047049977967055644	0.05283763834749529
436	-0.00022740666913583624	0.011734547178280168	0.03352079157711818
521	-0.012674840108640586	0.0180453403231491	0.0004899562180764053
555	-0.04831787660450176	0.09667436275033782	0.0357182817370951
710	0.05526113162311219	-0.08429398970974751	-0.023781776631453085
834	0.008813699705922252	0.015249104547557575	-0.026214453828815883
865	0.007459520515041989	0.025549357212612946	-0.010766458810284844
916	0.03143554210865983	0.00036377090251166964	0.035991855998855835
956	-0.0098786851577785	-0.07439624063907971	0.052572499014190144
965	-0.06426932362297356	-0.07450500533562315	-0.08683201357894765
1486	0.02626371481643611	-0.015042558137128974	0.0018473633385617761
1500	0.049789750652203896	0.05970322537270395	0.0056051116687767
1531	0.02253703963048426	-0.012751379500243302	-0.03144048196704062
1726	0.11925991141710934	0.004922771801608935	0.020518668354966303
1767	0.028131458424290275	-0.016710696222351554	-0.0042517835444658755
1973	-0.028532986520169088	0.05891575394836337	-0.009479526731145148
2097	0.04545035699703011	-0.002588143030353105	0.11091936461626543
2348	-0.011260476426058496	0.017137066455477155	0.02570584831148386
2480	-0.017652364315737263	-0.012391245858345301	-0.02061815740372047
2497	-0.0016459534725124265	-0.0005040340701496101	-0.012785879360399002
2651	0.0030409977700281052	0.0048036351831888535	0.05894553583196614
2695	0.07589042682036101	0.032366821407525934	-0.008127037974278497
2715	0.01846396894054286	-0.056936770639695114	0.04011526825938479
2895	-0.010970096461637133	0.06619681265198261	-0.06617027731592788
2904	0.04645770860725165	-0.05635831301722427	-0.05250952963737553
2989	0.04578188378489847	-0.01409488541224796	0.035667362908876045
2991	-0.009254352325824044	0.07977323630750752	-0.02579497166937001
3066	-0.0026631994817182996	-0.02253181527536366	-0.023306285689438253
3157	0.022836072653717628	0.03431630306871006	0.02049713358024562
3334	-0.020976105898415354	-0.020941333341731823	-0.006064594835092684
3397	0.03708588688024696	0.04706640051452714	-0.038962778828410295
3512	-0.031602085287865886	0.013543009936897428	-0.02087766950197282
3524	0.06861897908661041	0.08435456337753162	0.05377575524151772
3811	0.03041679544241891	-0.023781156133120915	-0.05669114718883116
3821	0.02518756587954852	0.017953840803954357	0.11365830211207383
3888	0.05296785449076321	-0.011356935874838369	0.028025124148504943
3931	0.04289439015656204	-0.040113209632621126	-0.000943331052784431
4017	-0.024553879604329313	0.009625326871985545	0.014436726600671416
4115	-0.06385414620950615	-0.004932098329788811	0.006848272960122145
4191	-0.009356013423763717	-0.028904021411398653	0.00013976129768186204
5335	-0.04068285501292347	0.01873923854835083	0.021985178402894934
5367	-0.0055489725356104086	-0.05062456111996188	-0.017183779967146807
5433	0.009977137335706612	0.05584658091196749	0.031254301028129344
5467	-0.0241553570740566	0.01971123476407471	0.011547138921153133
5573	-0.10351494493686977	-0.013661170936450275	-0.015342426131434113
5589	0.011727368241930358	0.019781590652342116	0.10589285461742641
5695	-0.018006298422867512	0.06483363514400237	-0.02070394513844328
5743	0.013120703574103972	0.05059217894211633	0.012748670685088977
5748	-0.037012656526228295	-0.01885040678416085	0.0005301405422428366
5760	0.04598932637823439	0.02740792274302706	-0.039335780877015766
5795	-0.013407287288680243	-0.045962114249210345	-0.010474785942026622
5799	0.043532563878513335	0.006270824635486496	-0.06392597326849116
5875	0.0172867259938423	-0.021602435614584914	0.016520637915494695
6005	0.004767482842651949	-0.029713041651196346	-0.06082368741748174
6132	-0.007889574347530529	-0.024850280119986634	-0.02222629624773402
6343	0.06599633827717415	0.01283697437072476	0.00098757204079748
6417	0.016828974160009717	0.07340973720350312	-0.0032566663842189133
6437	0.0529941761422445	-0.05918807337452549	-0.07773792453856825
6589	-0.03733654352597718	0.01719482152962483	0.018325059686623964
6593	-0.015672917776072853	0.0018531042897484075	-0.0392511195334858
6672	0.02566290143018794	0.024077940996238303	0.04538076146007202
6688	0.0055299957401959525	-0.08078972047859755	0.06177449279718634
6762	-0.015313631110064393	0.011927882867901656	0.09068023747944408
6946	0.03597857764928092	0.0023120925895227795	-0.05106893810368836
6966	-0.04051704044943026	-0.07062443346594911	-0.033893298822876165
7151	-0.02423496289696159	0.002363056861005068	0.08853953976307179
34494	-0.03603233360063241	0.00044156027262335577	0.03201197082512426
34532	0.056106036611647724	-0.014438837448082728	0.013120296619815367
35345	-0.01309345198357653	0.0367908522537717	0.024371170275793757
35349	0.0001116040186682152	0.029524210471261424	-0.016958500128327232
35456	-0.08118170447503444	-0.0022275535998375483	-0.0019343592781672935
35882	0.03511207674078283	-0.0022370144680756853	0.016015375575549197
36051	-0.018258779479442187	0.020300710132530275	0.03032714890263026
36254	-0.0023381394941863463	0.02760196323455718	0.027622804537309864
36255	-0.05053511717433756	-0.009585812003430857	0.011937912933407062
36672	0.019244237908677457	0.049857930302676656	-0.0869455118046731
36736	-0.025827544183430706	0.027360571120025844	0.057290549777734436
40386	0.03374019906101625	0.04708920156719569	-0.013191981699011668
40995	-0.026396988646020976	-0.07598378622224593	0.0029082414342226598
41041	-0.010076155693200594	0.0757230550876592	0.0704458049071763
41163	-0.02299378387089156	-0.0007749956085228725	-0.07985955213043573
41556	0.021249191132140615	0.04310546728676017	-0.04993591320145057
41670	-0.015347782717493735	-0.049715364177428584	0.012224945825553737
41821	0.005597860399067046	0.022339676519062542	-0.03620540571956648
43187	-0.05949804335891349	-0.007092524811007861	0.040665949798817866
43218	-0.0344907083610239	-0.030355993971936737	-0.0006512917105766288
43266	-0.050351618363909154	0.017253990730521064	-0.027687676129009655
43307	0.03259271300516024	-0.03630851529036821	0.02524901160783935
43323	-0.006995257763487853	-0.015484855408063861	0.04099767653874008
43332	0.021263082571704395	0.030694322803195926	-0.005309013817671169
43411	0.013787629307366276	0.020586430357683618	0.000653632423736435
43412	-0.03709694294252618	-0.003672190869779419	0.031170355397952713
43454	0.014669405172792868	0.03216479316127209	-0.03232913285015373
43908	0.0025551969719008727	0.001150818947808462	-0.01645146931677354
44006	0.002750246464977826	0.018237922294074553	-0.04895170600968006
44457	0.01963470053816861	-0.06823819996342956	-0.03234530698468786
44712	-0.0016518024362792802	0.03193731107238025	-0.0054650392586969
44981	0.02674547941275802	-0.036436106461306884	-0.015968919435756217
45090	-0.05449297961614685	0.003152661406593614	0.04792436426916872
45411	0.08833446944685128	-0.007095724048073757	0.02731587137926818
45918	0.011781500922196007	0.018464318920239878	-0.01640620688275116
48363	0.028117306049952853	-0.019348201861294233	0.004490319420751428
53252	-0.02947455801701726	-0.04315023264366262	-0.03393208746090417
53346	-0.04198866157609404	0.045566561686107905	-0.015264234125227587
53584	0.00538515291956292	0.04493365510679111	0.027715982679252994
53616	0.027774809775344945	-0.004671912784236078	0.00030054790709899175
53854	-0.053143499545363154	-0.016608237874070807	0.01035211280821627
53860	-0.06299826125502413	-0.04935538997128123	-0.06914733974002671
57681	-0.06493254082434467	-0.06518740765366685	0.06799946172066186
57927	-0.024952007277395657	-0.008956030719828699	0.01393340161484971
57977	0.020657735031774756	-0.05858367649541567	0.013505637744552112
58028	-0.03365131165267326	-0.04256628896822174	-0.030226769910903208
58055	-0.05047899594572075	-0.009441674136022116	-0.06299306099083625
58069	0.014380682254268992	-0.07071465773758834	0.006979502679330834
58084	-0.0042654565707225195	-0.014070735094704143	0.04671217737700345
58122	0.021794371723025903	-0.0051336277745474826	-0.03413480368488626
58161	0.003996436705578115	0.058938189347649016	-0.03848900939171268
58179	0.004884088008480219	0.022527279236242634	0.03146216043853557
58191	-0.01990273239765629	0.02821955034115605	0.04443094357257404
58208	-0.0316594705676168	0.04182606097843796	-0.04028739639212092
58262	0.0047766000942752575	-0.0018206635393442443	0.02788579323263221
58332	-0.08587157392312925	-0.009924043872108414	0.05812906011365809
58335	0.010378881011781286	0.011143441905610844	0.015027968527955116
58362	0.0021469727028483156	-0.018029705661927516	-0.02874059553498107
58386	0.015779714958113873	-0.03263437264058662	0.030109200106886697
58392	-0.057801390175294426	-0.016751765931090346	-0.03939847859354219
58401	-0.02713386086538926	-0.07994706557688319	-0.03426681961529092
58409	0.013015127584039289	0.014367375285486657	-0.0802190577028545
58414	0.011478609506760546	0.03573750262205105	0.02482027568249184
58415	-0.014633280242099493	-0.022861860780794097	-0.01684912472420668
58518	-0.07289332456806913	-0.04576195904559858	0.016941195464302193
58540	-0.03155606285953518	2.1535940163704043e-05	-0.026857873167162736
59322	0.04481790076660396	0.02731358465209757	-0.015193690108836252
59330	-0.006954863296088023	0.048575963773575107	-0.0125704972796756
59339	-0.011918411158404993	-0.013842731015444296	0.03373068200991747
59340	-0.05007611638359387	0.03573504936514835	0.031238709488181825
59439	-0.0381390274148504	0.013986365448572164	0.015312637650753682
59471	-0.007367866276191118	0.026788622480796796	-2.2345855721652114e-05
59537	0.05488508476558565	0.011606886091907498	0.030015376553918487
59602	0.011966216772902476	0.008177483862954502	0.009521832662359196
59628	-0.051771260816695044	-0.008158705087108302	-0.04438961234911181
59701	-0.004437958292787317	-0.0369661566848537	0.06419266513640184
59833	-0.000988878484385704	-0.03937908501823434	-0.007189134617536553
59898	0.058630986646102674	0.0048957316777075805	0.024623732320153437
60064	-0.06232642193609182	0.0905168248070216	0.03942077306279058
60169	0.003910169799897211	0.04250520469664263	-0.005189185928320431
60287	0.04854937375841632	-0.013588816830652353	0.006923024150999106
60345	-0.08428702368043539	0.02189790320852261	-0.05868894029821961
60616	0.04895898600607757	-0.014282055946218262	-0.02025575521125255
60804	0.04113724033578103	-0.015520440085254028	0.016550790849033093
61169	-0.02240982617056933	0.010222321882908062	0.007371842744894895
61675	-0.04055278728965299	0.00022487506706148668	0.0630028483645177
61691	0.005902796789791775	-0.016974247359887878	0.020251340130611434
61692	-0.0407080012064026	-0.0030829955177390034	-0.03475211318944047
61693	-0.04877315528059652	-0.017908144898184743	-0.005319470681640877
61702	-0.07125278470764024	-0.042024991131218103	0.064664388526559
61705	0.03486280138569601	-0.005630207643472821	-0.08832311197840192
61710	0.002887536809235245	-0.0032529252527555706	0.03457457695009619
61711	0.0018717794871747956	0.03603197499776019	-0.0009686404645488265
61716	-0.07046864011675773	0.010118023627611215	0.039595606599847004
61861	0.05423390456774146	0.027303770545041222	-0.04029145120729789
61937	-0.05920226192546789	-0.03536178692761772	-0.0022484543229114797
62004	0.1057695943333032	0.03973000171401324	-0.05594593907205881
62015	-0.0030668117662624003	0.006343648340580716	0.060825602294980165
62019	-0.01633362322255718	0.025437311423835332	-0.025549775107498226
62022	0.10703469083582778	-0.052094001631586284	-0.0007131417036605933
62038	-0.0015527700703431408	0.007800950405804098	0.024567535458420223
62048	-0.01184760727187288	0.0872309179135579	-0.03412145989633419
62056	-0.002212142496847883	-0.0263376782283405	-0.022029920299294188
62057	-0.05333637873776152	-0.023822654954011712	0.043826178434991446
62113	-0.03246593273764234	0.018713617412524836	-0.0878986833557551
62261	0.017765559129681214	-0.023883399216802544	-0.04120244737146174
62270	0.0407727978372622	0.06310705824476984	0.02843701109201182
62271	-0.0325030000815091	0.04548207397115943	0.02636517486193232
62272	0.010326248043066416	-0.0032551870716583738	0.04383234983311981
62275	-0.004630607922395065	0.03572959314331503	0.08166335527589828
62278	-0.052713289193089125	-0.03283894059610023	0.04326660125514103
62281	0.040525235550787034	-0.1043933614968382	-0.014289187860864798
62284	-0.0875698116046836	-0.03400715301964747	-0.04637188780053637
62286	0.05956176398301191	-0.07701636224123336	0.000739592999813401
62315	-0.04197435913937041	-0.02205538397578662	-0.006999332525190834
62316	0.04789788254744864	0.002960682641923624	-0.02482881723269987
62318	0.0025165100139002573	-0.050911323002641035	-0.022519842744409217
62328	-0.07280880940889518	-0.008784537730181388	0.02210584038281334
62336	-0.054546150440015706	0.002565016063866906	0.02445901605078071
62343	0.043106756635243146	0.0062723645675789134	-0.027898805220492387
62388	-0.026493256564374956	-0.042821300975255425	0.04974443168958256
62407	-0.018352195681134272	-0.00405107477206012	0.07956624894144047
62408	0.027428315574849604	0.0450651295855929	0.003277230694143241
62464	0.012291289001004029	-0.024128994773927156	-0.019955796217977242
62494	-0.02734893613875475	-0.01639666902461973	-0.021100510448086137
62554	-0.0008143807943192884	-0.030938182802107524	0.016504637054959272
62619	0.0009199215567064377	0.05312966787677318	-0.0478680506851855
62744	0.004515500645969864	-0.04581226687350382	-0.02339076624344276
62785	0.059643531691867396	0.011914363003874313	0.10041758502247945
62803	0.0618075064318064	0.04903814866988593	-0.0904266893271261
62859	-0.012737695777613082	-0.08470951216035372	0.03322707094191385
62905	0.034930191232996205	-0.021806795036809087	-0.010800506288547063
62926	0.011157362600300553	-0.020308448112172844	0.013263893858740406
63100	0.015553999756149317	-0.03323443490135581	-0.0257577732197419
63104	0.004045066016149224	-0.01858325484412663	-0.0038390220629564787
63425	0.04173645073675383	-0.0014823864717054941	0.04148830056950773
63617	0.08075241426932467	-0.0049555065799827235	-0.009679504636262989
63646	-0.05788058888287088	-0.03568485462247572	0.05677541436797
63699	0.007595768676826177	-0.01645777272926036	-0.06814649346526856
63705	-0.044524694106806546	0.05626658049907962	0.016893202371104882
63727	0.06699541717230484	-0.0203303371890102	-0.017276282329546113
63788	0.0793019675681077	0.003382255022939904	0.022112853889909617
63913	-0.0560711785973369	-0.05461626776267105	0.021104940247615986
63919	0.031218517835752455	0.007091467250150881	-0.016724500662949043
63967	-0.04926547395607644	0.03588987080644842	0.04525972316261786
64078	0.027963864929071987	0.07830417877693813	-0.07209323245210073
64348	0.02087945978549855	-0.00047017516350999025	-0.0076768724642106
64442	-0.007152293307600313	0.011950026852482396	-0.03550609619949369
64513	-0.08534182238810163	0.008289613824116828	-0.08219988427573154
64569	0.022142713869568485	0.04278944545743826	0.030481796829590006
64605	-0.05816386359839035	0.08030614150151123	-0.022573279021858128
64754	0.05392867845389872	-0.043254594190726435	0.02243350544224801
65531	0.023974571732391415	0.05656936449765482	0.0011166269576160016
65540	0.0450362077760803	0.026795048353963777	-0.043661284888012415
65561	-0.038572283175787224	-0.023201024842220492	-0.02298809483805138
65619	-0.0027006019823229404	0.017090980714439832	0.01033493460936886
65659	-0.007938137302549882	0.024586427741060467	-0.06530230164703459
65718	0.02256666172176526	-0.0061911876711467145	0.010942496204359867
65728	0.006388059015488406	0.02584926972901244	0.08854617760424044
65738	0.05598808661937376	-0.01734293422934133	-0.03721121480143099
65756	-0.01832152365118371	0.01569815867409665	-0.029812213967326903
65951	0.031432732828188044	-0.016556364122977084	0.005380512152500944
66028	-0.0388582902303862	0.012603501776737538	0.0582517558725528
66097	-0.03894585132490665	-0.001706673843121219	0.04605070199172979
66142	0.007423757424535541	-0.0007709946213018157	-0.08307927587054478
66157	-0.024439476652158437	0.03229434497943554	-0.06363677439757837
66217	0.05494443435365139	-0.01962579628036437	-0.02735090359792251
66242	-0.002238022149438964	0.025417588468475683	0.03641982446159056
66417	0.009249466115000935	-0.020731927581062782	-0.020497109400202343
66571	-0.019851804433721042	-0.008167406379228371	0.07816397714549295
66612	-0.00520808400723455	0.04215883690483812	-0.031896061646586066
66652	0.06379704630498599	-0.01965670556858462	0.0040764298833091935
66654	0.011450555035090173	0.0642415653382462	0.10216816177508486
66700	-0.051239169449727215	-0.037838709075387444	-0.05058939842287157
66747	-0.08667455702080584	0.044282090427761156	0.05325134425018369
66774	0.008663692906675274	0.04151603280242342	0.027465937054398443
66970	-0.012749659325148675	-0.006280957406345378	-0.047489962613849815
67000	0.016799015226445786	-0.0493377919177176	0.034656327415645144
67006	0.03072726386168518	-0.009621235543706646	-0.005804337167201662
67093	0.04762530696112723	0.03666673098650489	0.024270021070704684
67111	0.0014136081437295177	-0.007440716944230527	-0.012884106470058136
67112	-0.03355415331061395	-0.01923570079727118	-0.008916622883729658
67128	0.03427296918128134	-0.023670632290868437	-0.004824355102382105
67242	-0.01773390653609733	0.04790336005016136	0.08128853130567022
67413	-0.0022774274030593882	0.03437596428723663	-0.029454813563766762
67420	-0.023536099163649495	0.03171850301719385	0.05424573331190633
67423	-0.0168421682813481	-0.013203261604362726	-0.02692663741690297
67475	0.07609749384594745	-0.014022050963353435	0.007945201965734358
67478	0.02632498697309231	-0.05194285639944646	0.0347242805537533
67547	-0.027662937651534936	0.002762867178772418	-0.07621820656996285
67551	0.0550228929673059	-0.03596064700869529	-0.012851495629977413
67610	-0.11418856857569357	-0.018994294874309724	-0.021100963638717416
67754	0.039722465867655786	-0.04283537454508147	-0.009183533949826517
67924	0.0027700534515246187	-0.03413142787190862	-0.013328307725183347
67982	0.0641529731458192	-0.07026772399456256	0.03150389323219738
67997	-0.03874451187324445	0.022276788858952956	0.0019717673466387834
68011	-0.033400331468891264	-0.041266276711740525	-0.0385734181461788
68024	0.036035421087321634	0.012741055504691906	0.0009555321979135981
68076	0.017218084020021646	-0.015145216687655075	0.03943213447253593
68089	-0.018277688021556833	0.009721860994377917	-0.0275277265255768
68230	0.009364442448819817	0.0189982577373512	-0.08764496014886332
68291	-0.02167708111935708	-0.0410428545396285	0.03067689903031623
68313	-0.030147714827974632	-0.036707584679990315	0.02895152047747318
68411	-0.0002725025186581735	0.006221977881937467	-0.008898192916087984
68596	-0.060881245051745574	0.031673251736820764	0.03792751589137822
68637	-0.009179856528838395	-0.004957948960344688	0.024654651012893377
68666	-0.0024737463917252492	0.02078116919233764	-0.10879927063055055
68705	-0.04403591671529184	0.008058861321173415	0.048761475409236525
68833	0.007760018104341881	0.044295429090858096	-0.017279616535403254
68854	0.002385046711658257	0.06016772642831813	0.0877415603556676
68865	0.003209903937701284	-0.07872790147132087	0.07484439894180414
68979	-0.05168789545207406	0.03781308648683163	-0.0002467472798641146
68995	0.029570042163191444	-0.025490596491911127	0.017291098539901434
69002	0.006872035349024492	0.004448102697138652	0.01893742192869975
69014	0.013367577774030597	0.06668672873437251	0.0468382528314489
69125	-0.0024483648726897826	-0.055004528946604514	0.03896759249688864
69152	-0.07811107706557162	-0.10215098295147328	-0.0027234300169705237
69167	0.07547083970929884	0.06633708022762715	-0.015262371852916262
69289	-0.020485308928353412	-0.018625404435108742	-0.03659004306960544
69304	0.06987803227624645	-0.03607849508086156	0.08103711206467516
69312	-0.013488150084881958	0.04424843797354849	-0.05702441107693623
69322	-0.0655590436004237	0.07380350021272328	-0.020004518669412396
69325	0.04706219826432249	0.045648387694858655	-0.01436585865452866
69350	-0.0064141886030697004	0.03177335919840009	-0.046247254798367284
69354	0.025184324764769332	0.03680193394019645	0.0007049827822959732
69433	0.008950886716354458	0.033687792845487126	-0.025478489726139312
69440	0.0708180250775378	0.006414459694854294	0.0031003876510595843
69512	0.030667817388502973	-0.07564426951727976	-0.017218369565708797
69559	-0.06472559713896628	0.08829841155458469	-0.0020215375349397855
69577	-0.006522048329229729	-0.07991567248329878	0.020309861672997073
69627	-0.018077852016313557	0.023390049621741005	0.008606119286302463
69638	-0.02483598765216079	-0.0650802711573428	-0.07697951135506925
69686	-0.027184615685707035	-0.03133760596394815	-0.02113422978219396
69739	-0.03433966120009415	-0.0062966035781951216	0.010355296486947205
69744	-0.02445788510248779	-0.05206449573320736	-0.006157247871784556
69897	0.051547560798208596	0.01797435547924914	0.05280456947605734
69898	-0.027895068212807964	0.05557917369967302	-0.01804563715204836
70068	-0.013719268952636018	0.020156427023103992	0.017692067252697556
70218	0.026942011093697718	0.02065218032197755	0.0038932469489248753
70260	0.042462694477504406	-0.04102113616586819	0.015645126806880627
70323	0.01787986837823941	0.019227020705844165	0.017634248038535246
70333	0.010032961228446938	0.04025651513558996	-0.02205861039377484
70430	0.00863448949050935	-0.05187176497940059	-0.028813522630222143
70527	0.020423580500453394	0.019254219677906963	-0.037752825803203716
70670	-0.012003112059758831	-0.030951841675509524	-0.054359123414519914
70682	-0.120078095259378	-0.03562719767620558	0.03779201235303244
70795	-0.029148548681999974	-0.12388541996297504	0.03705577222117417
70801	-0.04589585561033581	0.014765224705273581	-0.0686630590803338
70848	-0.02432777064871088	0.04742592490775141	-0.06303170475076122
70912	-0.0013496680775893755	-0.05024873872116064	0.014555993588170649
70914	-0.03636243974538451	0.03663528033880322	-0.023940947907586486
70915	-0.04504045653762522	0.004093138279196004	0.041320664517675396
70959	0.013870625948926869	0.051625221988607695	-0.03202596013130576
71040	0.06994765637427823	0.00694922192480565	0.017511122632834535
71051	-0.0420418720981005	-0.031222485933112415	0.045595820948664705
71070	0.025624203682689237	0.0684915960525687	-0.05831449402347316
71091	0.040895128266718456	-0.011340442500598553	0.05629466519397823
71103	-0.03273509227326034	0.021766637378317077	0.03344912316318201
71166	0.10240767910635237	-0.029480321891852037	-0.03270170859819817
71174	0.06004050693905387	0.06941659391998489	0.03419300011654314
71191	-0.004838477854614059	0.007779276572226632	-0.0014153935636388127
71373	-0.002557067725383431	-0.004341322113266364	-0.02403277833317245
71431	0.027811026815055727	-0.026045635349925936	-0.027775340214446328
71528	-0.04466240941332233	-0.009665420346431187	-0.01822029078290504
71536	-0.011742817921754023	0.033880668926590835	0.00401351521428765
71585	0.003813123175668453	-0.017058700682484974	0.001241734360716794
71590	-0.011749357602097837	-0.006149357206539811	-0.028683022642501936
71777	-0.08645662125097354	0.015400606153785511	0.08797336356641366
71780	0.024033924217854632	0.01990287108549145	-0.001998999370273537
71788	0.09823343716073558	-0.014236441903149336	0.0886479818385354
71870	0.0032071169035114704	-0.017547917026891135	0.022701292432892015
71906	0.008783738527750771	-0.030290622612361963	0.0011260319888133736
71987	0.06643141582642072	0.0361261038230243	-0.025969653030020707
71994	0.030579679789820718	-0.029890171465744297	0.07500238605845544
72156	0.015353604114244707	0.00694861209452347	-0.004652354138600222
72199	-0.035766289165242715	-0.011430799878282263	-0.07705203967238762
72331	0.07436449833695535	-0.028056489588709117	0.01832938648342459
72346	-0.023827288259922173	-0.03853693114459872	0.0072177693629278524
72381	0.01601841324404679	-0.038523613145807455	0.07304648186191598
72427	0.036260284094283134	0.08290118656812767	0.02005459272161854
72518	-0.03646863762202409	-0.035615664458234525	-0.02682432424817762
72519	0.010203601240186821	-0.014614544341102296	0.013617889919353315
72532	0.017746007894809603	0.08292537238413425	0.005489790374713471
72556	-0.014914837928610215	-0.09855531146538479	0.026751262575362162
72683	-0.02244364536150136	0.058573554054737985	0.0030956830158613323
72704	-0.007612335573910141	0.08018432416082635	0.054285166173486124
72789	-0.018928817636762248	0.010081760607235717	0.020469822025266936
72840	0.04322312790819066	-0.0844712568873156	0.045634752183267985
72843	-0.04095037653486588	0.01707568292911578	-0.052455273964653354
72848	-0.0013443753950554414	-0.0693083761111195	-0.017832722192288326
73021	-0.08259338642738326	0.02443402496471067	0.023219738092939583
73172	0.012403375469551736	-0.06112216285292928	0.01785224596302644
73200	-0.052090947018893496	-0.017932686056786634	-0.010179901527115382
73226	-0.021910772194995737	0.021138947629889743	0.017037252622619545
73283	-0.0037254953347667786	-0.03921863810097966	0.022328022065286914
73366	0.00023665015419496794	0.009217884392137228	-0.00017399590503562945
73406	-0.04404828912127014	0.004806344852749413	0.01867471875132421
73422	0.08901006002462046	0.023000381550261333	-0.02914299963158429
73424	0.006763355125029556	-0.036977926686034605	0.026462704523468383
73480	0.011259839674614601	-0.010374095479425905	-0.0065899817732986985
73489	-0.06172389768516524	-0.01922693802114478	0.006847460184235125
73498	-0.06486212274963349	0.11089490409399473	-0.007736032570260093
73499	0.06419841034980978	0.03759383324349664	-0.06720976599642564
73506	-0.04530879943812199	0.032014892681892615	-0.05259879337958036
73510	0.004681039219132267	-0.013876173235176795	0.037656140121896754
73832	0.00239255252950657	-0.0019488267444375562	0.028765555308020017
73923	-0.0172862031669816	0.04028971572080795	-0.07043713984084533
74032	0.0018580403323929236	-0.05498917509719003	0.004352570946163229
74801	-0.03532797083929505	0.02906045980016123	-0.0047817684104254354
74917	0.02005558206320763	0.0019040169982825678	0.02501314785915965
74936	0.019676630395966194	-0.050083817841177436	0.04723717183402592
75330	0.053343026234388254	-0.04703287314898193	-0.030497919274800032
75446	0.00868683933684993	0.014848336457622038	0.03996338985835177
75537	-0.0449330649182986	-0.0430053006928373	-0.006715116533200049
84073	0.051917294936046514	0.01985022446186795	0.04626296969205341
84469	0.007816712272244376	-0.033141589445630004	-0.03593962554926126
85231	-0.017057915011462792	0.005895569288732232	0.03935725039518724
85232	0.11752988188186184	0.02482439863948121	-0.03939488987316343
85233	0.054175229067693544	-0.038151497569351156	-0.01040658173276701
85240	0.05635643094797894	-0.03563868359954036	-0.01055089907978504
85259	0.0390421741028229	-0.026634307872536754	-0.03984427677111392
85267	0.012708803824463709	0.01247546560860971	0.0061656592517929125
85274	-0.012655754546048083	-0.029985375787385152	-0.044797457022175385
85289	0.03821857706017909	0.012058886024260463	0.05404618502457089
85346	0.012589335409373166	-0.014581523208335388	0.00665288148258244
85390	0.03818467986573532	-0.043878312277365966	0.11450250517362862
85483	0.0032927525377331383	-0.0016033260048502393	-0.027119114521132682
85543	-0.012254388792871126	0.016192315100504708	0.029127859937736738
85578	0.004096982253162999	-0.05857921697641211	-0.012247320210482738
85618	0.013376114923914785	0.04588274121124154	0.02242921184402292
85619	-0.012867390275742435	0.02941375252725776	0.035624291351783466
85637	0.001271333093541989	-0.048946037874951005	-0.05047748934443908
85713	0.027841739647181014	-0.04315108516213833	0.05972185918916092
85714	0.05444698548940304	0.0559940251837598	-0.039722431351455395
85716	-0.020252416007744287	0.030278980384667566	-0.023452159887790352
85739	-0.021183314209811913	-0.04946037744043566	-0.032248609719099326
85744	0.027641639960094076	-0.004874320574706653	0.005536923445012263
85773	0.041568536097038984	-0.0166993738754166	-0.09537132387481902
85782	-0.020373579967600947	0.0674938717742666	-0.0020179709803449953
85916	0.08932213126688672	0.07002768847415834	-0.014107214304741437
85920	-0.03186761639973234	0.009618902576648459	-0.01946694561573104
86188	0.020790972992619852	0.06355409139989403	0.027569819354904858
86208	-0.02737549897619981	0.04278946569787795	-0.01127334455524665
86223	-0.025498963855790306	-0.03439995940117456	-0.019190384527494775
86236	0.013629632164477191	0.029406588746980687	-0.008306282899235844
86262	0.0048772066231032385	-0.07606672006253568	-0.06915192134120636
86263	-0.019731309550637902	-0.013392002687152953	-0.024874337585162224
86334	0.011551332922738099	-0.029987402796373824	0.026912784646155045
86341	0.006740234629771469	-0.06022740239817516	-0.008778451498906518
86342	-0.020251444020973904	-0.011020220234398831	0.014313005943115402
86390	0.0012835373782867634	-0.026170154845090502	-0.0023446480780703175
86412	0.03899385976569667	-0.04126895674432642	-0.02759162061364327
86450	0.01293739715673995	-0.026238428692166672	-0.014178728627885932
86464	-0.014621231268383982	-0.03423834139662034	-0.024096254175379386
86472	0.00838002923940372	0.01940278968085228	0.01837155494724656
86478	0.06945852721799968	0.011938817368736912	-0.008857094588460108
86479	-0.00869400249149521	0.06255452909409204	-0.06340442540060057
86486	-0.015908072674962886	-0.05892539444188263	-0.0077253022427009625
86489	0.012776627437111908	-0.04125541352306581	0.020077488886562262
86525	-0.001867734849921271	-0.034310460190228875	0.03514826352728218
86545	0.00015003743958659754	0.07263891442902946	0.04797217194081902
86592	0.014490371574512577	0.009453587578405634	0.07993779148961304
86625	0.0009047379964225104	0.04481369418828052	-0.06225550149401088
86645	-0.04501806549723178	0.03507639771210101	0.0035363859816291516
86656	-0.006020509622293993	-0.024438204700422125	-0.06433591618029422
86659	0.01238254855056581	-0.04509786427144092	0.002529472533504346
86666	-0.011770472466106206	0.04011159035546018	-0.03830019731720774
86753	0.05427496153271036	0.005344068026412019	0.07953547642352211
86766	0.07911849930866298	-0.009737446108700434	-0.024848776145797755
86791	-0.016244394506911553	0.053270012919225534	-0.03568557450820122
86803	-0.006032980872297877	-0.047596064507624686	-0.042628431700223124
86873	-0.06775306289899152	-0.02352096733097956	-0.009117477608862102
86915	0.015208703671093221	0.026081669140762927	-0.036683929138030744
86949	-0.021492697512794836	-0.08462559011460975	0.02519236048313591
86951	-0.04142311261973451	-0.03350458737376473	-0.023575069781241492
86953	-0.07542581081843051	0.035245157439251315	0.003819777293989357
86966	-0.05729028922245859	0.006673074317581244	0.01665575871667267
87001	-0.023705817787646334	-0.06037849602237196	-0.018122935044382407
87013	-0.07751454457891961	0.0181877426039525	0.014147205359477949
87123	0.0271522485902433	-0.051587213213779855	-0.006858337956705365
87135	0.003218703292113592	-0.014066871077964251	0.005545242810555369
87163	-0.020042028713054303	0.05457427544655685	0.027739967238161047
87182	-0.03166249265664212	-0.01375289378047689	-0.06830598751504403
87286	-0.00119091320584596	0.03163425807763145	-0.0371445928543313
87291	-0.003107875304140035	0.04606450297770773	0.06655260083076246
87294	-0.01937280177424919	0.019147763457343	0.03191403767666093
87295	0.06379414821788186	-0.0556408090290272	0.03397723104484767
87299	-0.06983135119952344	-0.021617327295518383	-0.06731856057494053
87316	-0.008151976541322348	0.015592010319904356	-0.00816869592143186
87332	-0.007681202759781584	0.014070701479988323	-0.016813571512609867
87337	-0.031117889135123568	-0.06615671080548216	0.0562985996678958
87338	0.01099990412978743	-0.05760773594875038	-0.011153309662359808
87362	-0.02883055237978319	0.07019443354831256	-0.07580412185828435
87368	-0.05655468089142485	-0.005911595083377224	0.03373199598647899
87374	0.005276790856528503	-0.05660767177175501	-0.027352796651719923
87376	-0.03241106969241992	-0.007383430885355428	0.02661949413232949
87393	0.014278914230416556	0.00585825311108333	0.08319399633822763
87394	-0.0186104507008835	0.07190629015772665	0.043819332003688254
87429	0.0042340187216576685	0.029573021486242856	-0.04586629051194027
87444	-0.0038061515199667635	0.08714958695871007	-0.006976454832647818
87473	-0.009179914134997805	0.007487880799612319	0.05946763530190468
87488	0.0051751682441701	-0.029046918011374438	0.004726866961900343
87519	0.058193221884652396	0.006617063992375004	-0.04574638439046146
87569	-0.03581454314364097	0.028248475886762894	0.014949025353602388
87620	0.011002194433686786	-0.0028023421352380987	0.04159163781779154
87634	-0.012887037764686976	-0.0614940505010263	0.07234140687058328
87635	-0.005231385310558337	0.016355092924887897	-0.018968019500190048
87786	0.02222059380361029	0.04105560316018192	0.017591377240762082
87846	0.04145941698097964	-0.0019588067982649893	-0.07248408223409569
87854	-0.0825404925447586	-0.03378441729445499	-0.017038221573026736
87856	0.03409406864415995	0.05515755834461794	0.039624972573082694
87870	-0.05753590052016876	0.040077424937063254	0.000376046565149146
87905	5.73881011199454e-05	0.05930325891166595	0.016220931918474568
87975	-0.02864957928420082	-0.045451226705784095	0.019783514812632106
88013	0.017605333781361577	0.003183284464120556	-0.06987863109246184
88066	-0.02421723586556665	0.06235751830460998	0.03195046196293291
88174	-0.06034495026280045	-0.0070889127103084155	0.003690755220156827
88199	-0.005103854723364858	-0.061231906653658165	0.041759907287499475
88200	0.04660198804507005	-0.013781141256367594	0.027365161760958077
88215	-0.025444774512968418	0.05586073663159636	-0.09487955196332536
88285	0.0493580266165359	-0.02644348220629581	0.020275602588294556
88296	0.023805580719924224	-0.023883976722335734	0.004211907538445258
88359	-0.059984978495119246	0.06015821045213242	0.008110614681202812
88396	-0.04482955200908005	0.019077572314817763	-0.10867386882079987
88425	0.01646441055834338	-0.041242764236747255	-0.012408538512078078
88487	0.00684519096135033	0.057422261055534794	0.046122872012157305
88500	0.08740077084179552	0.0007756429734877587	0.016650126318881398
88518	-0.02922235727284728	-0.024587322888688628	0.005787187552203252
88528	-0.026460408026667336	-0.04313891961185433	-0.10260288440258862
88667	0.04532233372262509	-0.01476188711822748	0.03367986997912751
88739	0.03299295165098726	0.05948585088275996	0.035271978361656096
88773	-0.003326869451920876	-0.023539136843195023	0.03192529979791232
88776	0.009643530222268788	0.03576427988682022	-0.01239064785433002
88916	-0.04624310561630818	-0.0027445339455404363	-0.021923632927421267
88933	-0.011552937773326733	-0.03657924065568525	0.029929812861642827
88955	0.019469348130205705	-0.019315323386704573	-0.04247043979653044
88957	0.09462225774193567	-0.006514747124282022	0.04788122514418699
89006	0.07578823032970367	-0.012376615840608833	0.0060583905376067546
89072	0.04378351959493591	-0.09779122817159079	-0.024596762616685974
89079	0.008236276250053387	0.004234841808695853	-0.005838411312165081
89083	-0.012065410829662787	0.025977205067092276	-0.004109975861993497
89104	-0.016328344066775073	0.03135402040930847	-0.004943671739441428
89267	-0.06714034162379232	-0.009638396235408249	-0.010255271554083487
89288	-0.020990902663337807	-0.008091605214401216	0.014695571875540853
89290	-0.024329534467744045	0.014295359391676183	-0.006334999079275963
89363	-0.005028642841607745	-0.03301040623231763	-0.022193354313139218
89376	-0.042341859954369815	-0.04190319580885018	-0.08643617550479787
89394	0.010950749984336634	0.05950953408011708	0.06516420718559422
89425	-0.0099189806020679	0.049086724414605674	-0.02734470017534866
89440	-0.03057550519075453	0.037871223813136096	-0.05954826468264929
89460	-0.05691798794968386	0.09840183045484897	-0.015579120140527564
89467	0.023498729121616917	0.009397134864919877	-0.019074166269488702
89551	-0.07703363188883315	-0.003242793021654657	-0.027558115785994236
89583	-0.061706696742493274	0.00013291393475247773	-0.009912273652867088
89632	0.030599061228824793	0.013852585887348064	0.0261241655804277
89730	-0.0034929691714787534	-0.06808196580977542	-0.008046910798553164
89740	-0.011897458200910795	-0.025266398966087875	-0.07082483678842218
89793	0.04536794950223864	0.01224809068962908	-0.08719056381447408
89812	0.03640018303361726	-0.07347271754877094	-0.022858709136385352
89814	0.026106191527878818	0.022557205931593067	-0.05182602297754646
89863	0.0036816333103136794	-0.009142338490363479	0.009891642215108602
89972	-0.013770550646490414	0.006787400299588306	0.017263236463626947
89978	0.006448681618239835	0.013753860837198371	0.022714183572869237
90002	-0.015214972935243327	-0.01898524263533448	0.019343427913462802
90005	0.029982950107110183	-0.02463442576494741	-0.03476927115213614
90039	0.0015804163799605254	0.013496703729021066	0.004206304223552718
90176	0.026133016581529448	0.09861218996864889	-0.004440153954711414
90206	0.025616020739153204	0.012605752020508098	0.036788541437847856
90386	-0.012810694745720412	-0.021770225625385747	-0.053986093973010664
90396	0.04444134399387662	0.0021612482225210608	0.02942698672433818
90426	-0.025559866855367618	0.0003766595875709538	0.055783048742714995
90500	-0.046299875087676495	0.11657458603352669	0.03125712939207207
90534	0.06525652198355197	0.09776376373678837	-0.04085710087615981
90633	-0.01690703783197606	-0.005398053631260332	0.06921615474378136
90787	0.07197317227953363	-0.07379803146591817	-0.015042859861538914
90795	0.042389296686006404	0.0018147548120992273	0.021288581301178527
90835	-0.0805249580217142	-0.03422983232691673	0.008722571264458065
90850	0.008798874055387144	-0.0034668564841056375	0.006392653985084443
90864	-0.02144704188282732	-0.01276564879400689	-0.026250378541600262
90917	-0.004310553391335255	-0.01387476215398237	0.01662957079269883
90954	-0.04174629311165431	-0.018085575239117867	0.00015144985844368948
91018	0.07170380653581848	0.03284409747605668	-0.0010839043278653765
91118	-0.010510476832998765	-0.021719481177454814	-0.009720904794229879
91287	0.06747880569384501	0.01131495775777937	0.016345438074554776
91337	-0.004831471887273683	-0.03846941927370028	0.03678736390510077
91362	0.011568125788628111	-0.03240701162750709	-0.05294295214507408
91473	-0.0008447098925952713	0.019216814725819698	0.06702589538873331
91489	0.01727460067650195	-0.06116839275450732	-0.051482269421321905
91506	0.009422058649386746	0.055070941641477175	0.06760353396070536
91562	0.022399090583374456	0.004291571837146641	-0.031269115115000135
91720	0.0002178644255785299	0.0050626948863293246	-0.024186544432593896
91884	0.10785350995765025	-0.0022516249387380715	-0.010878251304400057
91898	-0.045191316854191005	-0.016193315981761755	0.05369121250914273
92095	0.06396984479944819	0.03812356695131536	0.0008524146016581325
92210	0.00277443433780963	0.015009348429274455	0.010984900379275086
92247	-0.0015794433169779853	0.04276890814922492	0.03258525587351081
92300	0.0599492055649312	-0.08793302125425137	-0.056300949085609335
92382	0.005048190948265682	0.04370135361182228	-0.01110610767395255
92384	0.011320510976797132	0.04670843129029396	-0.026394614905537853
92402	-0.0030755944423723966	0.07797753578896383	0.02595133032173538
92473	0.019790305813451543	-0.004586111379816705	0.009288213829976289
92533	0.025528582830181147	0.004353304463723584	0.024730202371499307
92608	0.03655308749466846	-0.029212568123778447	-0.009569477790865378
92615	0.006870759592998122	0.029151630916318227	0.01479777330410157
92633	-0.08248056573112834	0.06878473659369735	0.025567520914087146
92648	0.05411302246989567	0.08358170078542365	0.0026732126230291525
92653	0.027093101583929066	0.0005638588628326572	0.028148043023865223
92662	-0.02575144962996578	-0.021790607671981974	0.024452383977585104
92704	-0.05139809334468726	-0.03514319031310627	-0.020267292366162898
92722	-0.0543093484890208	0.033724395710533206	0.039637903678872884
92734	-0.00690158358840939	-0.0062740482668005365	0.0473284779135359
92910	0.026337119315060643	-0.02616656572642251	-0.04043167076326106
92968	0.0368744305899038	-0.012056043211758715	0.025991596406269205
93010	0.03393076904075762	0.01717938570288865	0.010317084732001118
93042	0.056786718836899806	0.025832984728187094	-0.009510262238501332
93048	-0.08224097889750073	-0.012096446138211238	-0.025103585656305077
93094	0.056056083268450886	-0.022173193585441852	0.004107528364555773
93213	0.05229624707509736	0.013829868260271624	0.06380346391300366
93238	-0.035022290080977715	0.04315664376905992	0.051618042009544236
93340	0.002710069381931728	0.025056202093299305	-0.035503256725193444
93346	-0.029660828011943682	0.06333877650927816	-0.01131037594338151
93375	0.001744801244580431	0.028018368349236135	-0.06363294284907044
93470	0.01703215938638424	0.02971277880685929	0.01554232435773645
93474	0.011563211218048899	0.059685032860970835	-0.0058084173704530786
93560	-0.009252463568392268	-0.05406584971808884	0.020351634629222612
93625	-0.050773591856936286	-0.01905518883377895	-0.050086948427059894
93695	0.020271614800209475	-0.04476801884138848	-0.027348883462888957
93730	0.038733195272135396	-0.022604044480005425	-0.03756376871067179
93736	0.12527539139107632	0.010496285582433823	-0.025920058950119503
94010	-0.029793554560706398	-0.03854135679973364	0.005655410798802246
94112	-0.0019542523837645276	0.007366215862009703	0.010597178426160007
94453	0.0273998306164459	0.07305674198391923	0.019556206897646235
94574	0.007304636494542489	0.0331990659702775	-0.05220587942268711
94633	0.018798061901797263	-0.041995502326496605	0.002085229064792209
94636	0.009975049890553466	0.026986065537883838	-0.05937672157495306
94704	0.05226109192280709	-0.014361164813338516	0.04391388907872873
94768	-0.04108833832658887	-0.024676299712409706	-0.03282160545278613
94896	0.02864234758726337	0.06236045330681078	0.018129254879301275
95018	-0.054481319097779396	0.005253867009035165	0.018769163169345144
95095	-0.03548555023784145	-0.006823282983781454	-0.0642555641413255
95128	-0.003037186412638593	-0.024225733528440863	-0.036129998047141954
95159	0.058797821022032064	-0.0005441784081690209	-0.05244969252413263
95179	-0.04589751547911757	0.04119793897039104	0.009609554375894645
95183	0.0258744577163679	-0.05804666674950359	0.0007673824533534158
95207	-0.07052137027165718	-0.023301641286746007	-0.024630550186250537
95221	0.016055007107714594	-0.06410587482564878	0.04813016065272402
95284	-0.03446862898748626	-0.026627238343106208	0.02140835977054392
95341	-0.005947041213560168	-0.014840751627368894	-0.012259917362371324
95353	0.027818813627594637	0.03378591086850823	0.02120415146685234
95410	-0.025008050163274585	-0.014972474734824319	0.0323814371735051
95460	-0.03795958354999998	0.01653327242438214	-0.06263701842171629
95465	0.006304306487084458	0.008493966448310521	0.02381425940482537
95515	-0.0299982878252097	-0.035791242333146546	0.01058021713215481
95566	0.012973276956701772	-0.014329167674131392	-0.020523416718796605
95574	-0.012359434780614027	-0.038654406627842676	-0.0738062483292477
95673	-0.0032266288795997143	-0.050877194766977864	0.03309172619572791
95688	-0.06749215561949139	-0.03781628510433012	0.026063573422153433
95747	-0.0669468752461772	0.020912058645032153	0.010069706180692032
95901	-0.05070584325672706	-0.0678922014433964	-0.02136056572174973
95990	-0.015140731891850783	0.03345666570282047	-0.013811884285290812
96163	-0.001854391598882429	-0.05034843862496137	0.044324206397153315
96165	0.0610902106857298	-0.02569052209554953	-0.010596547394161247
96243	0.008869558021733275	0.015159663557785473	-0.06267465302467812
96259	0.03887474085988608	-0.03216823548655993	-0.023587168991370925

Biplot	0	0

Site constraints	0	0
