Eigvals	3
218.62475223130005	203.95642021397848	182.83784772836293

Proportion explained	3
0.3891463949540389	0.338679657887521	0.27217394715844

Species	65	3
fun1	-53.73512374693017	46.33323328978493	-56.30177852855273
fun2	5.581976381720613	-10.725675255163319	-14.294033552208033
fun9	50.5296600121652	21.2032435133443	26.702535487777055
fun19	5.937545420590471	23.368668295983028	12.850542910748677
fun34	-4.636646929444377	31.11516244060512	6.573889914311818
fun64	2.052652026610764	16.123981538902772	0.2476832718990444
fun70	0.15831220308818758	-8.082869725882214	-0.8944875030753612
fun92	-19.294064998294314	-20.721468681688414	36.23614570567188
fun93	-23.284010615263874	-8.738025332363849	2.2496598966818886
fun106	-13.245333244019884	56.13992411186118	-32.34460754728133
fun111	-38.581833501346644	-34.592520303094844	-15.730578303281558
fun112	-8.085497931043433	-8.447080769078747	-39.59261783624902
fun113	5.991533550254822	9.760588671134293	-11.665284550693636
fun117	28.849200455651598	12.948822441766358	38.372726845218025
fun129	-7.866179856876272	15.97559142861192	1.731606697018994
fun135	14.647499262885665	-4.90740192982153	23.298917453552193
fun149	-13.106906497333034	10.448606969974682	21.473915530684746
fun153	28.27567054520841	24.192206651518454	-8.27413157779477
fun157	-36.64233522956877	-5.76595165797291	15.292805701737352
fun160	12.032185805172873	-36.911872663996164	11.6619932295412
fun166	-8.08090080336684	-2.9136137036283287	15.576322132111432
fun188	-21.357149741477418	-31.0358864456528	2.0523686927135563
fun193	4.359807252661719	14.285706211243577	18.477786689001054
fun196	-26.229157906821815	10.601257462150375	-0.3504661054776936
fun202	-8.845789187556184	-14.468772394312158	-33.08512890142641
fun212	27.796105764503864	5.112034182812056	27.555803128725334
fun218	-14.839722568298495	25.91848920195146	9.111958506185927
fun222	1.4483955671698354	-31.839594655591643	-20.830035352125847
fun226	28.154244567434553	-57.72439093252163	1.0169610429955658
fun229	52.025338450359875	-17.2485411192119	-20.105332107255176
fun231	33.99357006627772	-24.029848147610608	47.34837711215941
fun235	15.891824644401558	-3.8571148950724363	-15.358466632789858
fun237	-16.6881052036696	-24.60819112021193	7.0668325333558855
fun241	-23.876550950623137	-24.540850239586035	17.410623541915555
fun248	8.7203472935151	-5.733649386031755	4.883504937344817
fun251	-25.801317259364023	-31.405539481678485	-3.3495099303451923
fun255	78.82213729723063	12.621453937370758	14.40006663146161
fun256	-28.544675144730157	-24.232592135492364	-11.386216887768715
fun258	-27.702260167290717	-30.562419357918884	-10.227563961706375
fun260	-45.446746385694745	7.750759411647254	25.901568695278286
fun262	-2.435672155607514	-43.24030428276771	-29.923927687736693
fun267	2.568637777653673	11.735040451219543	-13.013539232916134
fun271	35.56392091858664	15.485685194933817	9.654084305532749
fun272	8.477465482406055	-38.472916360739646	-41.2499667877044
fun273	-48.724005459185484	-6.951042395850868	22.324216380989032
fun274	9.672947880359983	10.361423710931538	-1.418212259303313
fun312	3.5863887730915964	53.39820457288197	-29.595425415613228
fun313	2.7463257207342893	-22.47977754512258	-2.7977888331382266
fun315	23.322433053262994	-20.61790433585645	3.8913830412420443
fun323	37.45602857782662	-10.277497465020204	-39.06854515841716
fun329	37.732249274781275	5.684095737555204	12.380879555623364
fun332	-9.043976163376895	-11.145056161206144	-20.25484393779175
fun343	7.619238753843712	22.95615733999724	-2.2679508698661914
fun383	36.3279933398526	-9.65444159682005	-67.8133077499462
fun417	-38.82847493316334	-32.0229142905399	44.60537153780008
fun459	-38.3117915721287	46.65225811487823	15.11846341235322
fun542	-7.8410586523537225	10.550248817367722	19.838612640641035
fun548	28.08050492458803	38.77761343066831	-7.884300106208392
fun558	-3.612835208219473	14.819929208533898	3.581636232517804
fun572	35.91400671976448	-14.041866403568617	3.3229870306479294
fun580	25.696477460264568	-8.541963379421391	11.818372076933624
fun587	-33.86214793975815	14.594816388268098	-12.735990461600073
fun592	-5.787734451486318	34.76422641928932	22.829980423907415
fun598	-4.451851841106763	52.911272376837005	-3.5030973884334435
fun599	-41.24276897851959	3.948853026472012	8.456552240427323

Site	641	3
10	-0.010944174815495304	-0.004781775251024441	-0.00340345088811502
25	-0.0032364839478165918	-0.004674850224749131	0.03713048687418562
34	0.012022228616998845	-0.05195712457301234	0.002777275869810797
70	0.06044640752058262	0.014490191951429367	0.036778581348492885
121	-0.037306470831964866	-0.015553688981046655	-0.022825002017452172
193	0.07948155121724676	0.0026320744813624754	-0.0002879281483252348
241	-0.07039527513049264	-0.016409176256693202	0.030793158819608625
254	0.05360468948895634	0.04561648549677185	0.08439063909579145
261	0.06602438205926363	0.026801356771469113	-0.06432883334154625
370	-0.06621437043355992	0.029997194130045333	-0.010042200388083677
395	-0.01811645319251484	0.02071130254119035	-0.01604748535084472
408	0.026071415549251062	-0.010975689279300982	-0.03207883957228478
436	-0.011768604590647993	-0.026041768250412146	0.06089400905747731
521	-0.03627835364605486	0.016207921641407212	-0.008324278724543142
555	0.005055775826649373	0.03605829813290734	0.002243865061765671
710	-0.04748471245205216	-0.03439089463976021	0.02551221817426195
834	0.09615864896230682	-0.0008898669931178558	0.008285407678413452
865	-0.01622731094944746	0.05664687351820452	0.01165591284368556
916	-0.024628145082026792	0.03732795025860157	0.07869852676867232
956	-0.12310917999911651	-0.0734790699488317	0.01161729173542559
965	-0.03085888158083542	-0.024530021876285935	0.0782406452757578
1486	0.07319928623919504	-0.03969797392753922	-0.027098323087960764
1500	0.0009857173049038135	0.01453888189559658	-0.0731894778569381
1531	0.020606733985603812	0.07467331120312029	-0.06417022807800245
1726	0.05037030995642489	0.014867411804716702	-0.003956739170824359
1767	0.06829896420682703	0.04200254147719445	-0.03651348476779255
1973	0.05711062878394067	0.04114431971658804	-0.030793456160115255
2097	-0.05785159931733609	-0.06907603639294739	-0.029714405426830716
2348	0.0032212337081409053	-0.0012016222149367828	-0.02351255436757486
2480	0.07008352815006673	0.044310458555568796	0.03300126425606261
2497	-0.056922226374942764	0.08070095086371455	-0.04446912397238492
2651	0.01808823780784691	-0.021508500536829313	0.005790705495196992
2695	0.016496943870738755	-0.028156749476066827	-0.037518168670700416
2715	0.0435168115695096	0.04241609942210597	-0.054559983037820566
2895	0.02533597437969907	-0.03869911321747679	-0.00954698064099816
2904	0.07316831388525571	-0.055581914706726944	0.04537184589427294
2989	0.025746618407173214	-0.013782729660243624	0.004217073224079834
2991	0.046851127529609765	-0.05861682486420312	-0.0041106748573737075
3066	-0.02337777054357817	0.023813236427442524	0.03830244386205933
3157	0.02685202111662539	0.026717725462364617	0.044519270178072466
3334	0.015829384612899015	0.0649016413324879	0.05343511735206488
3397	-0.08518161152791655	0.04055194219578122	0.03935203906949617
3512	-0.04335672607470558	0.05024174855765401	-0.01921047555990222
3524	-0.019439568916046163	-0.019511785755573965	0.02011269662500378
3811	0.07500033097768223	0.0049348336232307635	0.0004964115328010074
3821	0.03561949252145259	-0.06308852344024492	0.0198555445912934
3888	-0.05183916937275661	-0.08122386188651144	-0.019087184258222607
3931	0.0011357736901592861	0.044170768330798825	0.006705100809957064
4017	-0.00270459693503365	0.04473003414857419	-0.010977677209628672
4115	0.00860207733064274	0.05284025422637537	0.002438995653650423
4191	-0.025063512314268024	0.018037915909702763	-0.012500800862406562
5335	-0.03159182468083994	0.005721149915206936	-0.017543344275635912
5367	0.004374737414060206	-0.03144688589151747	0.011786095150203159
5433	-0.016333625698961865	-0.02976889445307459	0.007604256597795324
5467	-0.0905906971407589	0.08261053397894211	-0.030760252686398
5573	0.03383528850127381	-0.055067110625272433	0.013613116431510005
5589	0.04232539711147234	0.010680721886479852	-0.03309699107905416
5695	0.003585466456012516	0.07064255896325065	-0.02201256395243341
5743	-0.05575681374965605	-0.004840112978853964	0.016452274625758306
5748	-0.03810697870104825	-0.06985849057710602	-0.0755011245839889
5760	0.004470937655519	-0.02184656228250693	-0.024699538981412576
5795	0.04538360618451801	0.07363280018137033	-0.08882933335667755
5799	0.026444768879766174	-0.02645154253762287	-0.021054974630993532
5875	-0.016650071952215486	-0.014232329628637632	0.001033041308227444
6005	-0.0647247712754455	-0.03002124795578163	-0.03586888554474711
6132	-0.03045238067119524	-0.0318219321027902	0.07458888991702575
6343	-0.04837892383059667	0.0005523697524998816	0.006407085238234829
6417	0.02439133008479773	-0.02166319986785854	-0.033670475082673366
6437	-0.04692347510782172	0.02453883243093735	-0.07636989133237383
6589	-0.039163929469020226	-0.014995329588372498	-0.08895207556055182
6593	0.06309140468360348	-0.008292599205897392	0.013908640251838642
6672	-0.021596585659453816	-0.034985495258956015	0.006375432306295183
6688	0.03944317700214814	0.054649384860881146	-0.0228635855225845
6762	-0.032540773914939425	0.015947522569101445	-0.030622201957497056
6946	0.020855232393459735	-0.049291104348940545	0.04396829478710746
6966	0.012650028870905822	-0.021431219746126242	0.05316214741691566
7151	0.05787890955499706	-0.001496430320673533	0.050071711925645086
34494	0.030563293285765777	0.03235398792470008	-0.024748953968888095
34532	0.025326109288271906	0.040289713823808165	-0.014278998387157118
35345	-0.03988962902664728	0.046050236628264074	0.030699017095403423
35349	-0.03796423067365658	-0.02882421853589108	0.026109784748615084
35456	-0.04673299378165401	0.02091364897572538	0.02280624063832322
35882	0.02348676577332593	-0.012204251689318995	-0.06096241004897603
36051	0.02646485862474128	0.06905636328477252	-0.026590218115259565
36254	-0.08353711510299755	0.02929853509219885	-0.007734703134631952
36255	0.019553189170676513	-0.024080190597714303	0.09182961623147672
36672	0.02064534458101946	-0.049713241575233755	0.0190047772078233
36736	0.044580250397243	0.006229826350578521	0.04103730500629058
40386	-0.0024640913748068686	0.05540223992265705	0.04614496494213267
40995	-0.016649769324743696	-0.052416632512150806	-0.02661948363120927
41041	-0.030527884013510986	-0.05100797748972137	-0.0007922469976994811
41163	0.016065759553880607	-0.04886274209550227	0.012790136185391291
41556	-0.05945242811431219	-0.00693883380937619	0.08787480426047818
41670	0.04666943147101154	-0.0420821819088808	0.009994071012641366
41821	0.034607785018036775	0.0256316410608	-0.08129670647183314
43187	-0.025876789852840445	0.03592096491003308	0.018254374392135418
43218	-0.01754372200319525	-0.03465218603505898	-0.0007700885606998192
43266	0.010349860320139835	-0.03394263401510306	0.02405431322240567
43307	-0.03863671239540299	-0.034022836166036526	-0.05561387947808807
43323	0.02045850226665341	0.017548324946940783	0.05899017663969893
43332	-0.0006185204848714534	-0.0408743209330053	-0.04094511556455087
43411	-0.012791656703798466	0.02553076352481488	-0.009382767890604726
43412	-0.013888482993181623	0.006151459483939331	-0.1150739112211916
43454	-0.05946219016418013	0.04008221701074281	-0.006112695680904513
43908	-0.025418601550787505	0.08410670821525887	-0.016757639936443056
44006	-0.00639439371373579	0.03137924339305034	0.0008703842377968039
44457	-0.042201609253495184	0.060470291727077234	0.023554244832577377
44712	-0.023996646334259557	-0.0003012949648652404	-0.04392345597037644
44981	-0.016016636307256443	-0.0467951498869737	0.014837009914251834
45090	0.016849402704745376	0.00666132475117289	0.01855647340608165
45411	0.02283271686491943	-0.019908479812177388	0.004236407235680866
45918	0.01681630448147392	-0.00543758590901317	-0.014250591040178806
48363	0.007439012152800341	0.029605632116314323	-0.012318911199720875
53252	-0.05413916657729279	0.028130613757429333	-0.02169558124346564
53346	-0.04172223154515926	0.07629661436293154	-0.021182451043991253
53584	-0.028764172371964363	0.01572205018359558	-0.0347298251930528
53616	0.04295992315045465	-0.04269677531476483	-0.006602328918404139
53854	-0.0011398701897877774	-0.02347437781078505	0.05152156015292331
53860	-0.038981737337277576	0.03019163364699127	0.04202472842828554
57681	0.06239797856496487	0.05682806195271716	0.04511155054485503
57927	0.037389081530037005	0.009512219547189244	-0.06925510836924577
57977	-0.027427182802203097	-0.02729279655647847	-0.0743569365702055
58028	-0.041113011573791776	0.02163674705425164	0.05463249947541467
58055	-0.04743603865152706	-0.025167433301519486	0.06301752354501357
58069	-0.0056145733962469765	-0.026799254811938886	-0.05929667097072941
58084	0.01440672075326895	-0.028754190416631062	-0.00142354532288699
58122	-0.04309760176073481	0.021167321137895708	0.037833133956536764
58161	-0.034733784201692805	-0.03048557518829593	-0.02576449839785633
58179	0.02952115282069226	0.0007272962703101321	0.011141119961588796
58191	-0.02309981280556965	-0.059109819606928106	-0.0060842860840427775
58208	0.03201245224229681	0.0031647624989644485	0.004604814282928443
58262	0.03922465444288721	0.08047868579935688	0.012776299225548182
58332	-0.026181151992733832	0.020580435072435146	-0.03703385762485155
58335	-0.01697416857423131	-0.022066722932933134	0.0629034565037211
58362	0.023705790264822994	0.024780026094656783	0.005086536962916123
58386	0.018029630575254623	-0.009243496898293967	0.007656060422145503
58392	0.022959220615176745	-0.02015332873738326	-0.01010685744146592
58401	0.013116445084699876	-0.03572232129566947	0.04733417424763917
58409	-0.021613638114974954	-0.05900979410614242	0.006318722766736487
58414	0.026569748501473877	0.008881582223826253	-0.06052432748715483
58415	-0.023027468274352925	-0.03965262333787788	0.03515127530273004
58518	0.018603386419352247	0.02541284132041419	-0.07864511017007919
58540	0.0351042234468866	0.060670449475453296	0.055630314032952786
59322	-0.041775689647885236	0.0390107065737306	-0.015505873292182077
59330	-0.09262504550842354	0.03979378427921625	0.014346985422279185
59339	-0.04728946471508656	0.03444153877168242	0.05640357706026114
59340	-0.0766716550680692	0.002598588852571473	0.07448769658756382
59439	0.029189534955307198	-0.0026532732531608133	0.015866728333243436
59471	-5.6057806281065265e-05	-0.01727430162581598	-0.00035903995909288873
59537	0.0492593895868432	-0.028069767781678925	-0.012682197664894788
59602	-0.039721301176986135	0.03706234493064597	-0.009526962732422437
59628	0.03517779257354628	-0.017222531118797235	-0.06334839285925413
59701	0.02517878715299553	-0.0024090813269049757	0.04540195340524292
59833	0.029908306386402194	-0.06070693981498978	-0.03550528687248204
59898	0.05476406460295586	-0.04743331987251775	0.0218896235547215
60064	0.06288128040054601	-0.007662100489241601	-0.06460124376678637
60169	-0.05040206824872441	-0.007302753335552402	-0.04450275140326213
60287	0.07737341354991079	-0.07505698324767357	0.04231317242368379
60345	0.029953330070534703	-0.014981245283522137	-0.008689859788487833
60616	0.008093117480071094	-0.014622451602695298	0.02350452767351728
60804	-0.003830198274958352	-0.07629552977027453	-0.0905389360046284
61169	0.012312224344329829	0.04599694031917954	0.02590890893216625
61675	-0.02788466613282391	-0.0383863983286651	-0.03523440340449359
61691	-0.027581255665946325	0.06293562442071257	-0.021925768932302102
61692	-0.006302194586665557	0.011309671639940398	0.04169036632755721
61693	-0.03195669472144745	-0.027437283987785464	-0.027259702325763507
61702	0.020824426222620318	0.049567544337852924	-0.03562290967339818
61705	-0.03183618804724706	-0.024900572315238612	-0.01591725552952219
61710	-0.06495097661309318	-0.028776956347774746	-0.02886088096246503
61711	0.028747057242383516	-0.04121682764911954	-0.07461716372741527
61716	-0.04156359505610046	0.057516024496659914	0.013677545404519967
61861	-0.06083476720001991	0.03307652006509657	0.010105572990550532
61937	0.011599844106449918	-0.03985941417251445	-0.08503473913751038
62004	0.013247636164824763	-0.025770160385974825	0.06022288395596883
62015	0.03553262660707191	0.051137051777928245	-0.10291512051305503
62019	0.012024291063877222	-0.003912467305515711	-0.05796694310099491
62022	0.017486646586643763	0.016149902013141326	0.03753273405381822
62038	0.02739299465999866	-0.02065323390223158	0.005096138950527125
62048	0.016701860333134092	-0.013269352968743287	0.0472853265794809
62056	0.043365804358106184	0.02224860423489767	0.059652524993047455
62057	-0.04341708763155916	-0.017563805027356483	-0.02598003845394079
62113	-0.018283383613347713	-0.01866482344639669	-0.022086080082990914
62261	0.0337888474786026	-0.05875938947959126	0.028902694156015853
62270	0.0013751577879778962	-0.02734330019236398	-0.03929897581371002
62271	0.015378580180086896	-0.011920759581698503	0.035141639641538186
62272	-0.0313109440986113	0.021239849095412537	0.04387070417871655
62275	-0.025499521633881847	0.05381718341803467	0.039066315117642456
62278	-0.040001539377614095	-0.017900975479483144	-0.054390598868025
62281	-0.0008749663470008646	-0.04731759574115603	-0.014651430469517897
62284	0.0003087469603985024	-0.000961335660718069	-0.08165489960217004
62286	-0.10840414696205261	-0.0056807353478710056	0.0156575951489745
62315	0.03400512534727558	0.004753347369823682	-0.021930932620119754
62316	-0.039716019796447545	0.016761717756240004	0.0008576199686977605
62318	-0.015688949216126093	-0.015097295434056383	-0.004609854265028162
62328	-0.002635052024975907	-0.06006332251920412	-0.016516273490067807
62336	0.05218492978689184	-0.0014191019165214805	-0.06832009613062938
62343	-0.04424504315736727	-0.049038952311652714	-0.02646745434589861
62388	-0.01625489218048835	0.007931788311842165	-0.018398114428869846
62407	0.0373820285916539	-0.050790216349175646	0.006149036479287567
62408	-0.056133540807056084	0.014151976227079194	-0.024542647278429017
62464	-0.0006950339511232766	-0.011346130720624395	-0.040627935061582944
62494	-0.04479157277433693	0.028456145866393005	0.0486899143265361
62554	0.0399729763058119	0.0060540828706256685	-0.05160139860865219
62619	0.003926855124911737	-0.0298429260487921	0.008662184243780392
62744	-0.017863320954087224	-0.028679584676000847	-0.015432193754436272
62785	0.02404602867164168	0.026135838581528098	0.03010197457278011
62803	0.012895384271832728	-0.010248195696977559	6.109262674597935e-05
62859	-0.0034112251902476886	-0.0007695014728104157	-0.016120163535204686
62905	-0.02184815152909385	-0.01038013385011141	-0.021314791401166315
62926	-0.08983242011180911	-0.0100206197823924	0.02698177028549586
63100	-0.044675714689730056	-0.014277778738428202	-0.009261917077325876
63104	-0.01316014127451804	0.022773620342093317	0.08353111846824754
63425	-0.03890914213901158	-0.019754539810180438	-0.07297740060668048
63617	0.04104376124056038	-0.004678480408313295	-0.007265505470918811
63646	-0.026735835858692863	0.02356059916506574	0.02528785076676747
63699	0.039902401566838185	0.04082779863039529	0.06696616528847804
63705	-0.0018281285829008993	0.008490119105782805	-0.0056644746660443794
63727	-0.024850743205282192	0.02621184345481913	-0.09063194648318426
63788	0.008786834977633436	-0.007578435370189601	-0.024609243756266344
63913	0.005462633473508029	0.0028001763281969017	0.004687316126107451
63919	0.0012113270294920274	-0.006659590541097087	0.029134601059412134
63967	0.02333704211745105	0.04371565078746643	-0.03302939976180588
64078	0.026608335471666793	0.01568890474592239	0.06394294222698721
64348	-0.0022637852639312774	0.010339030445015935	0.006925706926843232
64442	0.022120413620884127	0.024396259453591862	0.00965878929013711
64513	0.013274883117982611	-0.026032683477566255	-0.03295965927429105
64569	0.07397230531757648	0.07426673095654625	-0.03915803323303997
64605	0.05470508893913952	-0.011794820179663358	0.028820288758397625
64754	0.04802892825028629	0.002960427712509454	0.03695886176592076
65531	0.05840791169960275	0.027379963742477892	0.03339528765407661
65540	0.006685320860298988	0.0016330580926936752	-0.024659675479674775
65561	-0.04728052747572613	0.04532361145157653	-0.08677486957523602
65619	-0.00389220802980836	0.06524616630815834	0.00730723751788134
65659	0.022223601877583463	-0.0008943394854372356	-0.03401022691950782
65718	0.01745233981097178	-0.07923615469710069	0.024954353461513312
65728	-0.008478963144509659	0.04104756486507677	-0.0003643494208189396
65738	0.015501508457218947	-0.0017527609265998937	0.004719173137321968
65756	-0.03294980413539657	-0.027044473495296352	0.02303643124500878
65951	0.035610179892083	-0.0037931862777919644	-0.020294930158115912
66028	-0.004614142654294977	-0.06254974709961934	-0.06220732150364635
66097	0.04224999490046279	0.06875302379285117	-0.004684573741970602
66142	-0.010194668505904324	-0.002063498060833275	0.0377783301859806
66157	-0.07316993981138097	0.04762225479676145	-0.022037545484753052
66217	0.009463627356388749	0.13866108588920878	0.012487301385612735
66242	-0.0061084171299665485	0.013430401298252653	0.02910741544257937
66417	-0.027133998742845805	-0.009082364293691594	-0.0012106412753638606
66571	0.03537286658765266	0.05646033438943642	0.02718714445126474
66612	0.008985248556996128	0.004595554480685456	0.017291102121956444
66652	-0.011373339185243941	-0.0139474603023317	-0.01576839879818628
66654	-0.09458126906335868	-0.02493554735943499	-0.013343637839342238
66700	-0.006077583888615069	-0.03603710734451074	0.035488725772006506
66747	-0.03508890964022727	-0.11268222048775627	-0.05162431667267354
66774	-0.08395898779776685	-0.011708012841487581	-0.02108609491393553
66970	-0.04434776332286264	0.0771552958209636	0.026257357334146275
67000	-0.007593442877273516	0.02603208967666366	0.11734897438641965
67006	0.05452577903557133	0.0481177797731041	-0.07860001128683514
67093	-0.046188681082266196	0.002175203906084012	-0.046905953992156864
67111	-0.04125370258090698	0.0478057019552499	-0.04817883057529486
67112	0.042576517312215845	-0.04890633332304873	0.006160645351805458
67128	0.014538272683554615	-0.04472749940018991	0.06767154892111844
67242	-0.0068709178208818155	-0.05009158217952873	0.019986536412447114
67413	-0.0026452104513683193	0.07232627336970762	-0.040718703054768796
67420	-0.049607393918715964	0.019386487229603754	-0.0331571378379431
67423	-0.03344224366185574	0.027277638499319405	-0.007684035496158778
67475	-0.03750879700388744	0.0017009631506471683	0.00520781284937775
67478	0.03556787629887868	0.001818270755743526	0.07631179967747485
67547	-0.016377794220296997	0.019709560316369532	0.1192220189418118
67551	0.02504218366989777	0.04206609212066835	0.05637637399137231
67610	-0.04817309915329883	-0.011608358754961755	-0.03589279659420448
67754	-0.055357527897265814	0.07102385709192344	-0.04877467870387331
67924	0.014868092419900555	0.03338534805060792	-0.0015266489754993148
67982	-0.028906118282718964	-0.02977783516529509	-0.026303343488618437
67997	-0.0512612799943201	0.03707460096063667	-0.017854113855364038
68011	0.016140823469995833	0.021953979994158532	0.006442806877724857
68024	-0.011540463660088589	-0.030787088693259818	-0.041764903268024796
68076	-0.01706884771554156	0.00010769996928032725	-0.045319590332888605
68089	-0.009895966640168886	0.006554252275397889	0.007765438953550968
68230	-0.01846474258408444	-0.022023368012592363	0.02393816066328777
68291	0.030222555773375168	0.015031260190157361	0.025054582651890207
68313	-0.0802933896747804	0.021476652551005566	0.05681895001636077
68411	0.052221490349431944	-0.057765936720620546	-0.05178142497312805
68596	0.029092673387707955	-0.058847457168950255	-0.008015876149636208
68637	0.018265293818283342	0.0042296853754167675	0.08569802275540249
68666	-0.035528259392526844	-0.024242733402308994	0.04492771631704336
68705	-0.013306580012503054	-0.009801676126160357	-0.004913582098419999
68833	0.013028006162818389	0.000440956580951795	0.05499984164424196
68854	-0.049817958766132486	-0.02166799622936497	0.027672358000015107
68865	0.07117282592302004	-0.01914955527535491	0.004482383424500815
68979	0.06345630269372712	-0.009977845370957656	0.014278491598626066
68995	-0.05719510762187333	-0.006023182956859844	0.011104721565885555
69002	0.039985406064640114	0.010976894464650588	0.01785600383280953
69014	-0.06943827767740962	0.006418594245166813	0.11257630421421724
69125	-0.039895347017047854	0.042794099621883165	0.0764683383439492
69152	-0.03147428710623418	0.02280406748010402	-0.0035336749154683007
69167	0.013986648318339037	-0.04435276001307387	0.019989478834216423
69289	0.002681331853683132	-0.011227676538048112	0.045245918105793544
69304	0.06314061132740184	-0.011225647873876738	0.013101166784398316
69312	0.024885354918001916	0.10268378129094032	-0.011010259472963413
69322	0.004423408531492268	0.008179118916284032	-0.035905978928023656
69325	-0.024384577088679478	0.01544732806129161	-0.007256977393244658
69350	0.007839147197824175	0.044296617586976894	-0.026919113074843414
69354	0.011408792135397316	-0.034691053376767006	0.0018660431693482324
69433	-0.06787412744711525	0.002227034026101521	-0.0032487909485170454
69440	-0.025730955581108834	0.024982159134742745	-0.032915598152958546
69512	-0.05034386514320365	0.06586229391963737	0.07373068787883069
69559	0.057182915475424735	-0.06337114613727858	0.0038451957201019486
69577	-0.0105697996547747	0.03067790181254072	0.007397229575914608
69627	-0.0010539521123380626	-0.05872324321539412	-0.01849359324866898
69638	0.08075839967541656	-0.003396684146076113	-0.02078171879135453
69686	0.0834109462363946	-0.019652896146374874	0.011905716410750975
69739	-0.01786801869682293	-0.04486385854691775	0.03928454127555038
69744	0.09117232548261561	0.00431392232731129	0.059794918079268664
69897	0.05537966881477528	-0.053289654078714555	-0.050685383549399506
69898	0.025296862849212284	0.003567104708245172	0.04517572831049015
70068	-0.05500888437266742	0.010339904316436532	-0.012587519355161446
70218	0.01624775746848343	-0.006103635615812374	-0.06037261695495145
70260	-0.015663204883331873	0.0008578535013249762	0.034149731330391855
70323	0.03634233199242382	0.013355127044118228	0.02415478361364961
70333	-0.04278005796662082	-0.03067612155826527	-0.013387487853818847
70430	-0.03280260522467695	-0.021515863780635726	0.005859773603975501
70527	-0.025973513444188575	0.03183687196981695	0.012189107132820162
70670	0.008695941104754261	-0.0012210920164603494	-0.030282152184832187
70682	0.014362663760726837	-0.024259743595894168	-0.04860830467525412
70795	0.05215095155895599	-0.04350039044686162	0.016783164345433574
70801	0.04022850891696995	-0.02486269830726511	0.052967188581385966
70848	0.027665226182799048	-0.026711042038660735	-0.03303055486486761
70912	0.044661943510991856	0.05638514032373889	-0.04582582915293881
70914	-0.04208752432651592	0.00797156491878815	0.03116767029617641
70915	0.06807959957145791	-0.03836316192149958	-0.024079092352045778
70959	0.014306272762278752	-0.020125621588422054	-0.021371428542980676
71040	-0.06372494296320635	-0.01599314178706274	0.008377310483028916
71051	-0.002742952344708426	-0.04073283486454082	-0.01732237352527594
71070	-0.10636543044614577	-0.03928418048976211	0.00835426742196147
71091	-0.034756023968416254	-0.041847038438951954	0.00028937993617700043
71103	-0.07015599953304126	0.06595651051472068	0.03824837416673699
71166	0.002807880546354323	0.008166919327767254	-0.0778185744704566
71174	0.007655127420230295	0.02190117192712903	-0.027635753500484663
71191	-0.024474049920209722	-0.053609051321693094	0.04516121389373781
71373	0.0556557868710057	0.07790348503903725	-0.06310869478878102
71431	0.024867895245170364	-0.0710041179708812	-0.005055732305861915
71528	0.02890417376142016	-0.039533731153900374	0.017458358796243124
71536	0.030795800412319153	-0.006341338845045584	0.007058544464099378
71585	0.03854307506223697	0.004126038243958699	0.08527640681125606
71590	0.040901687691201	-0.009719849393792952	0.09666401305013367
71777	-0.10447940586383907	-0.009407054929946153	0.03670123647983756
71780	0.05784054456361466	0.03233451965798192	-0.04431033046717699
71788	0.0520861091077388	0.015176895287845407	0.07031811822690022
71870	0.019642166333343775	-0.10629766905912326	-0.008392181636048632
71906	-0.02537122089467209	-0.036770206618702374	0.03451269633846606
71987	0.03362758503987606	-0.07324003347123921	0.0041128954815536425
71994	-0.02790272768249686	0.04913603903579231	0.05151234208676408
72156	-0.027891994721751356	-0.043357477612077616	-0.07231222163197232
72199	0.02038949938619236	-0.04408204386011271	-0.04423866891355556
72331	-0.020540253182490125	0.01961448873770617	0.05209099420883764
72346	0.006737256851178282	-0.037953947101792306	-0.031530244689248796
72381	0.02533572705184752	-0.07563575625183928	-0.024825547088341397
72427	0.05158753516491583	-0.08919282017927603	0.03615727760660851
72518	-0.002172615877859785	0.01440756701680696	-0.004465074127817063
72519	0.04463039753181073	0.022315095072513842	-0.007948911203529967
72532	0.05569170684244397	0.042797272711424666	0.042092465697916685
72556	-0.015150824058631055	-0.004093008617313622	-0.011317456388263626
72683	-0.07991283257567881	-0.05622181303426182	-0.028731252583785845
72704	-0.024946253337341618	0.0027989748020862755	-0.040580656200908255
72789	0.028682199558336785	0.013007445699306897	0.013764517531992995
72840	0.032300633136402225	-0.05526500004428076	-0.045025996141420124
72843	-0.013634708089377806	-0.026182811937602656	-0.0028379282459747306
72848	-0.008240457881397484	-0.031146102512209797	0.0626383630905667
73021	0.0810175121022676	0.02255315218390501	0.002608138577792035
73172	0.02406892977847789	-0.0698680957473536	-0.011655949990343495
73200	-0.05749375777192198	0.020634070540379412	0.009782705261696037
73226	0.007509531714455719	-0.011508485345146199	0.014579580636038559
73283	0.0004423692036464139	-0.017513586056876466	-0.0246362230008369
73366	-0.0117915868775512	-0.037659326443177876	-0.014607985196699171
73406	0.033315410389800466	-0.0031632157265567987	0.020373171670541073
73422	-0.0863361476928017	0.0445150281747054	-0.0480585926838317
73424	0.020669732050512854	-0.004954098335489465	-0.09356538309973929
73480	-0.02288721542903773	-0.06324144807829273	-0.01916347630263071
73489	-0.030261461174277398	0.038868094876435104	0.03805157846463609
73498	0.019196470090469687	-0.02835297124767419	0.017115125428270078
73499	-0.044742072562420035	0.037860699951668984	0.05772792037397263
73506	0.020299563891334367	-0.016369099704371157	-0.07722622101283277
73510	-0.026320438086889962	-0.023993606471818134	0.03416675527508392
73832	-0.03854980539452039	0.023440179782504046	4.9797945610953856e-05
73923	-0.06445398190374657	-0.03405978392881439	0.01026821578487079
74032	-0.011657406949906024	-0.028200901041894176	0.00276244064216924
74801	-0.005524307354264507	0.028838192712722383	-0.03664845465028166
74917	0.05849325621725603	-0.06649963785182272	0.054605820018155844
74936	-0.024446621046790226	-0.008301478840752139	0.05459616320140263
75330	0.09692045080314861	0.07555838890606782	-0.051953883726907284
75446	-0.0021979386106492594	-0.005028199368138581	0.036689286908846215
75537	0.02636976867034992	0.04214573648952086	-0.03353319474467827
84073	0.046685082171840954	0.02557973969845559	-0.0050355587897526225
84469	-0.03327902856450878	0.008152692625877585	-0.029500380133809703
85231	0.004134173746304461	0.035488819156054535	0.01926777943988167
85232	-0.005439650209241491	0.006045933211855252	-0.0309512036089647
85233	-0.014549829815599553	0.08017563797061512	0.014142460122901539
85240	-0.03996788353752119	-0.033965636628023495	-0.03379551844160014
85259	0.06479991317475975	-0.011652306765878173	-0.0027183016665506573
85267	-0.014548415893772438	-0.040094510578682005	-0.010055081668098662
85274	0.045037333395320185	0.03322947526180195	0.005603888049114966
85289	-0.03901162284183795	-0.028302952300301682	0.0386498773913112
85346	0.011548391051872157	-0.032764337627771666	0.020786186718674143
85390	-0.05465464998681998	-0.007269382905046005	-0.014754300989271746
85483	0.027670966248069775	-0.04162880520758898	-0.04620776068818099
85543	-0.021856386446781582	-0.016389058588659088	0.0046212778074595385
85578	-0.0208858975980049	-0.023512536567360545	0.03041361837259213
85618	-0.04619644762460499	-0.02585365199093576	-0.030824004989817078
85619	0.011179555377224941	-0.06555078933996349	-0.03970941399060157
85637	-0.02344868402140801	-0.039699516480042364	-0.010679428684949558
85713	-0.020921243947615787	0.03960505082322479	-0.012189257332385196
85714	0.005539196677562162	0.05009134499279734	0.07440566950675269
85716	-0.03224180038470222	-0.04601106697062146	-0.06192372883665186
85739	-0.01435819291114422	-0.04994781798131478	0.06420186149007684
85744	-0.017404725949494004	0.06926139365254011	-0.01640377718848579
85773	-0.027305260388814378	-0.0166675672752524	-0.022250984185469117
85782	0.02907129290137975	-0.01993924521915585	-0.008284683935711907
85916	-0.013124306953736587	-0.04256772741652396	-0.016246027418962507
85920	-0.022558165781219594	0.029726264008174408	0.05105428214290279
86188	-0.014594217916962166	0.03226932757457321	-0.0016477350472335604
86208	-0.024143255237742012	0.016882322568533736	0.035861038336982475
86223	0.013480903368199182	0.028045121194667812	0.08672556364626054
86236	-0.005095218739448409	-0.00483654245785159	0.0430362434054298
86262	0.01196115209500571	0.023424169950463272	0.04406543467137008
86263	-0.058239192454009034	-0.02841587372697186	0.0256314014791096
86334	-0.010833793221909228	-0.08838268000516908	0.01637365895460193
86341	0.0155536624456714	-0.0476893610732646	0.10802494848289088
86342	-0.060084213459120114	0.09584195867394406	-0.034600924093143845
86390	0.00746691362794412	-0.04933382498404471	0.025947201759345527
86412	-0.014083092599631431	-0.031729127497759614	-0.0527841018551331
86450	0.04701319507569703	0.02074035769654063	0.018655529746397025
86464	0.014137705894536686	0.030097855064377267	-0.0008508946268057494
86472	0.005034639436990653	0.026928685451549455	-0.008586563500838494
86478	0.009260083454538479	0.026927998321736615	0.012003030369096055
86479	-0.07472567708739916	0.04988288467128335	-0.022428255906976564
86486	0.005886477656189064	-0.047140219036299856	-0.006500649522704803
86489	-0.04705274949342774	0.024366177180588314	0.021985388796902615
86525	0.017210583820070548	0.014100682384041245	-0.015634958661331803
86545	-0.03886403040505393	0.019371155410054585	-0.04722731838667391
86592	-0.006161872281998922	0.05820515305464086	0.004370188106117754
86625	0.008336419098132155	0.018287201193365122	-0.026741113951349378
86645	0.0018268352507349829	-0.01156407659055552	0.06043524405883849
86656	-0.02995463724150917	0.07280681089160239	-0.030922465546059895
86659	0.03322071105629432	0.014301041380926192	-0.08518398263343498
86666	-0.055228198675440536	0.03198878877002191	-0.034395055889306365
86753	-0.020574493754801842	-0.06362777595818311	0.07879364748780436
86766	-0.03394717346019868	0.06004684725555991	-0.04222541272811535
86791	-0.05023766974020858	0.013413539826580776	-0.017439051328095534
86803	0.03702791242213794	-0.054159595082973654	0.03489696232256366
86873	-0.017735306283727433	0.038378473980487576	-0.03457869646172098
86915	0.034031125990612414	-0.026526598424507497	0.020609023298464577
86949	0.02515488556668416	-0.0022204966888572496	0.03870303353803999
86951	-0.07845765498715836	0.016381813899165144	0.0468340714645651
86953	0.037988787696788213	0.07181253929074533	-0.05157951703633465
86966	0.018701774959567066	0.008112866705939548	0.0021900754340627273
87001	0.00875521045045641	0.024249495283893866	0.053301299974869265
87013	0.06867647090307107	-0.051890920260624404	0.004367498052264917
87123	0.0707080558778217	-0.02637691250622809	0.06680370759407471
87135	0.05551362166706481	0.08412330582657364	0.017145292881056963
87163	-0.04289253467868158	0.016943120270172366	0.004096367900102593
87182	0.03933923700629631	0.023737508836967597	-0.014003710093128431
87286	0.0020358887949810766	0.015463133791117852	-0.01790769241904646
87291	-0.04861476598923273	-0.00508115323504894	-0.04870112025118197
87294	-0.03189204145777886	0.0009391802363983347	0.03199561689208424
87295	0.04847286162612883	-0.0367602090953803	-0.031783227211493695
87299	0.03359260889039608	-0.08044468307593153	-0.04622861897333135
87316	-0.03766298575886769	0.06270777617726488	0.003070074032957888
87332	-0.06424346152267277	0.09810712788885173	-0.017810672854722365
87337	0.007638342076532974	-0.025964243577182865	-0.01664005133635911
87338	-0.049960965684391595	-0.06770739810384177	0.04030803851865893
87362	0.06492312307343927	-0.026433251154621622	0.009263348418194546
87368	-0.013760925190821935	-0.013805791498979312	0.014219658353418535
87374	-0.02727603449023017	0.04424655742056934	0.04999844714107888
87376	0.0007693564887469318	0.07514120255429116	0.010363151550039734
87393	9.721428476385289e-05	-0.04931234802728064	0.0009236720437424028
87394	-0.003356814191937748	0.0341998018659377	-0.010031615900906163
87429	0.04215067526619449	-0.048273955340986587	0.07460965196140457
87444	0.028069554009721012	0.0003735734653500168	-0.028827114238594978
87473	0.02848134084588835	0.0019493032823008506	0.020208747583826302
87488	-0.000849986877779964	0.0015621727674208173	0.018800842178442394
87519	0.04174793666668659	0.03368893840448789	-0.001662395182856257
87569	0.04687604975083698	0.0340997617811034	0.03170528596132174
87620	0.12933609633157472	-0.005925877959207825	-0.02702131255056099
87634	-0.004671487572342394	-0.08553575073149541	-0.03108383250653408
87635	-0.012474591165062724	-0.005149857237826944	0.010698821127431644
87786	0.050748767034569105	-0.07641403260460819	0.03593730919438753
87846	0.04188529622807129	-0.017937901548239425	-0.024160504967340877
87854	0.037703472882055	0.036861870688149855	0.0581349638767242
87856	-0.0364065833364546	-0.054101948879094565	0.040773832130368434
87870	-0.017568748635443016	-0.06132733279362491	0.050760628454600325
87905	0.0030259177822994044	0.02365263352680693	0.0564652473359678
87975	-0.04037003488566435	0.02589690343938197	-0.0049430665349580365
88013	-0.010741873984474614	0.023030195572693233	-0.02940512364526442
88066	-0.017843676137143005	-0.027582507644690363	0.029592614788737003
88174	-0.01707618494505496	-0.02294572767138301	0.04372317960874207
88199	-0.012125163974926223	-0.001501201459656818	0.018351505869336003
88200	0.028581074513983597	0.006727648251946704	0.010261848323944672
88215	-0.0030878469628614516	0.05001597989731203	0.002407702668277419
88285	0.023453056822762174	0.03347489369334132	0.022041466164788442
88296	0.02661367910479747	-0.01519282565289032	0.023450923111352526
88359	0.07546124413581139	0.030890333860794046	-0.0144725826827787
88396	0.0056075806940032325	-0.01575235415040399	-0.02517038000834947
88425	-0.02732004684655891	-0.00978209467421386	0.04796141531527601
88487	-0.05172313931538563	0.0011385917635814457	0.07374804625878488
88500	-0.005349186937893904	0.06132467096203158	-0.008973510620923227
88518	0.04748922961180205	0.03592725344434007	0.009414936086361597
88528	0.05635691457733462	0.05666992523147086	0.01837540982740617
88667	-0.01215706739986363	0.053998758346601464	-0.03159899318786212
88739	-0.04319882934055915	0.028353805752514463	0.005839443797404622
88773	0.038211896963629734	-0.06597041406630284	0.05445425961409185
88776	-0.006446214583280252	0.04699164703734802	0.010572147162404972
88916	0.00705098607703823	-0.0006772931232003668	0.023084727348576115
88933	-0.017386246327161427	-0.007782156473882336	-0.04096200726749748
88955	0.008677642974613356	-0.09523245965893405	0.02981982015313894
88957	0.03664143377525891	0.08743536856221223	-0.021489948904215798
89006	0.04306417796514358	0.014826184908632035	-0.041755134700699185
89072	0.0181601363172461	0.012221740671229045	0.052809923556742175
89079	-0.039471138650914235	0.006265205219848141	0.009016829359930843
89083	0.006417975176903191	0.02911720827269336	-0.033401841750524804
89104	-0.048874399668790786	-0.04425584954282831	-0.003163437707158192
89267	0.017710447429540453	0.010188298782720784	-0.08365534515312213
89288	0.023225135759503527	0.04896071704488391	-0.007730489280687308
89290	0.013578612877376982	0.02859948150840522	0.00710110451060285
89363	-0.056484725616304264	-0.020210093940592158	0.029737562741709866
89376	0.030302977374972662	0.06550060330748997	0.05600393815553967
89394	0.0513499566177672	0.014918583686006126	-0.039863806177358074
89425	-0.06570622154475152	-0.06814094566935362	-0.029361778012699354
89440	0.11439784437683569	0.01686037008714145	0.012414650414956707
89460	0.0682888944414888	0.003445184909405393	-0.020179604837896558
89467	0.03360986740488173	-0.046902942877456014	0.006345096480849132
89551	-0.02769845335242904	-0.05740830144541633	-0.008626037310114527
89583	-0.025451621687808547	-0.045315112459722216	-0.04167166042354499
89632	0.03184550242863714	-0.013370402313969696	0.013860400867435469
89730	0.0012557119590866012	0.021317187530069236	-0.06234784844877666
89740	0.008488397024543152	-0.03148189581186554	0.03164821345450488
89793	-0.01318440698188499	0.1090546097486015	0.004050316307273046
89812	-0.03014382221563032	-0.02203735398680715	-0.028570075670573777
89814	0.04516850225558698	0.08156979510019641	0.013537667756940609
89863	0.03945696213381261	-0.02602518634648221	-0.06142860266525741
89972	-0.00895244928329633	-0.052984193017711505	-0.0025842714711588888
89978	0.056017120862759236	0.037508987839892226	0.03906456526715733
90002	-0.01687700000261694	0.003936393442269382	-0.03418116282123491
90005	-0.05016101979970229	0.014847885269138059	-0.021073572208399838
90039	0.027218575340969827	-0.02560476806387072	0.019856603754264086
90176	0.05641524454258259	0.03729767107979346	0.05363699235559473
90206	-0.021312719592787844	0.03759572536797983	0.045061486777113455
90386	0.05710870384465376	-0.04485148518236812	-0.053802064250283194
90396	0.005302465451907816	-0.047538601467651175	-0.007741041377949071
90426	0.09701683706584067	0.06658425808931497	0.022895954084726312
90500	0.09915220751738196	0.0275604567734219	-0.025524004053909744
90534	0.021630819960162896	-0.029412992855721385	-0.009470643559092577
90633	-0.06489391923605393	0.021540622569189934	-0.049628172877627275
90787	-0.015344914247853298	0.045264885042750946	0.013878508660520218
90795	-0.005932004057936373	-7.988509656535974e-05	-0.036464273346440076
90835	0.0278755875361982	-0.001001490172335991	0.016398532474081604
90850	0.022720718720916477	0.02809387322065914	-0.024567578398427742
90864	-0.055253099880969415	0.061843642987950025	0.022422346774602333
90917	0.0043709646628670926	-0.038495798299073576	-0.06532012630379729
90954	-0.07025815944358028	-0.020709075437649885	-0.04905525270761673
91018	-0.04572226539314621	-0.00044239740092951195	0.03473119195901611
91118	0.003985214532955565	-0.00666675873711495	-0.021656977870232307
91287	0.06531319789702036	-0.028654145396832816	0.04861326894774805
91337	0.042232497623168906	0.06817932099132908	0.010401966463838062
91362	-0.08053695391860947	-0.07292042032531247	-0.037151912446272174
91473	0.005802204689642525	0.0053117703174399905	-0.04896081812544238
91489	0.034634010287991235	-0.0006318504749034239	0.011772378477079454
91506	-0.015919086954262217	-0.009303966667031014	-0.05532421044202432
91562	-0.018085635002274534	-0.03434054341890993	-0.05556303260779982
91720	0.023793560398680125	-0.029822674171840445	-0.03319426528196566
91884	-0.015926760394093006	0.07559247938382416	-0.009776020496501775
91898	-0.011900221113671816	-0.05093604649330624	-0.042648502029109615
92095	0.011132304973511127	-0.008419572775286141	0.007581843508912194
92210	-0.021008662130862703	-0.04016799782635625	0.0068763933047232394
92247	0.06099709646902699	-0.030495459575417612	0.015395296160221653
92300	0.013812284504346474	0.0658706440953965	-0.006995572532938494
92382	-0.02780553141575687	-0.022659083663602794	0.08770376478775802
92384	0.05766217282566718	0.08631699970063895	-0.024123479951443233
92402	0.04710062245275569	-0.019534566234402643	-0.017545252312648422
92473	-0.052048993933657646	-0.024670002573293985	0.0003844307303439134
92533	0.018074223639370876	0.04730991815852239	-0.033874339100157067
92608	0.006392772916720113	0.027612546695225313	0.01740696543896908
92615	0.02346347673337292	0.02262455376072289	-0.01766097823647871
92633	0.0010240171792092675	-0.03054900635553241	-0.05733541036719268
92648	0.03629117159181747	-0.015522083814330739	0.04394085196810963
92653	-0.053661638147899385	0.049620865933876386	-0.04825089784293694
92662	0.019548659536395046	-0.08110430773006129	0.03257079865243232
92704	0.01892037987905372	0.029175777581009036	-0.008598540906022526
92722	0.04305129885248514	-0.023891914503022464	0.02321952822080215
92734	0.0205525176948082	0.05577603499902019	0.03724888139978697
92910	-0.009017769269755694	0.029565428862534052	0.04064028769082124
92968	-0.04878280524798664	-0.011682352931085487	0.04328764164533498
93010	0.00547213773666943	0.0063106923337859135	-0.059424975283352575
93042	0.015061894235981909	-0.04859489569183104	-0.0011453484483042772
93048	-0.02308441255518976	-0.0003608769829693198	-0.009032669742292061
93094	-0.039223940688626786	-0.06013075447957025	0.025450898671889922
93213	0.03724021455463524	-0.0489826961040898	-0.08058633155504798
93238	0.05632130114872679	0.05297135981573396	-0.04897589897802672
93340	0.027156053448701027	-0.04095808892787551	-0.03138848874513002
93346	0.06420369055775026	-0.015328469229323618	-0.013072709571918814
93375	-0.040074467114097095	-0.0267814390940022	0.07419048000408267
93470	-0.008289964363540686	-0.042201990746534364	-0.008006217132759603
93474	0.016221090244815103	-0.08136905755091212	0.11532822946217319
93560	0.04428599491744907	-0.020924583918536636	-0.07081972945269226
93625	-0.011926422872303376	-0.007928641296840188	0.06768960181101079
93695	-0.011932614926730437	0.045088483018518685	-0.01734038437262199
93730	-0.031114749319525136	-0.005231736508715197	0.039326635964952415
93736	-0.05110950732143198	-0.022736251810824636	-0.020394820104318433
94010	0.061512105253490545	0.04357659889357726	0.026415938137475024
94112	0.013733106539414973	0.04044336264454265	-0.013858791475831215
94453	0.006556815829974332	-0.05492904139339745	0.03568013018249282
94574	0.0343493122503246	0.03358977383560829	-0.026393628875688645
94633	-0.057769131392264673	0.01315524511390213	0.010388338224130555
94636	0.009204260805537458	0.046125585653554825	-0.01055977415400868
94704	-0.07354716264189243	0.018153649591382232	-0.0190045581090702
94768	-0.06743211357500446	0.004742693912235915	-0.06383836213625164
94896	0.012093893369471965	-0.04080701224176206	0.01789318251425758
95018	-0.01363518406341235	-0.011788809450469452	-0.05533819494001265
95095	0.02024578669292498	-0.011863303188894852	-0.009125631738112917
95128	-0.041904385977356004	-0.05765395696781172	-0.03149579135338088
95159	-0.04627198497396806	0.012087526899748539	0.030046718710610272
95179	0.044052500843392475	0.03635502882518395	-0.019387189404053883
95183	0.01968480439283846	0.09750643655882267	-0.013272868654342362
95207	0.018951677229541778	-0.033432791991547396	-0.0040373455976385475
95221	0.01228888211729057	0.031107869093037456	0.010550072751501166
95284	0.040499117551414554	-0.016303798746449372	-0.044128210312990114
95341	0.025143178897625847	0.060494604141756975	0.035837236421984726
95353	-0.02826785801816611	0.030604427833549875	0.01668263836536634
95410	-0.017086826355832026	-0.014083135931459188	-0.08307097625945542
95460	0.01881538049891383	-0.00794338926054206	0.009752075120703911
95465	-0.016072242115932566	0.016759156872563467	-0.0037266029673759474
95515	-0.07387344338393013	-0.002554968517538388	-0.019192704330150426
95566	0.04734683480477676	0.019234751303626726	-0.03529451913857541
95574	-0.06594618605602195	-0.010602131261574256	0.01244964538012579
95673	-0.02728376342823353	0.02557817870444934	0.04397991707507257
95688	0.024480988391413706	0.06170012819089812	0.042005570365897894
95747	-0.030315812842390023	-0.028942927447630152	0.04220899493598203
95901	0.027328703002472036	-0.009899145130397535	-0.00942260834464716
95990	-0.04558019756309771	-0.010404446346189198	-0.054085728706934205
96163	-0.0052526917044773665	0.011438379532963767	0.031115204934737486
96165	-0.019493080367760478	-0.05870154156591609	-0.07096803447752716
96243	0.02511026381674134	-0.035616330835351324	0.023499213395912825
96259	0.0025544280156128683	-0.01595143351209644	-0.005601465530330425

Biplot	0	0

Site constraints	0	0
