D01E01J D01E02J D01E03J D01E04J D01E05J D01E06J D01E07J D01E08J D01E09J D01E10J D04E01J D04E02J D04E03J D04E04J D04E05J D04E06J D04E07J D04E08J D04E09J D04E10J D07E01J D07E02J D07E03J D07E04J D07E05J D07E06J D07E07J D07E08J D07E09J D07E10J D14E01J D14E02J D14E03J D14E04J D14E05J D14E06J D14E07J D14E08J D14E09J D14E10J D21E01J D21E02J D21E03J D21E04J D21E05J D21E06J D21E07J D21E08J D21E09J D21E10J D28E01J D28E02J D28E03J D28E04J D28E05J D28E06J D28E07J D28E08J D28E09J D28E10J D35E01J D35E02J D35E03J D35E04J D35E05J D35E06J D35E07J D35E08J D35E09J D35E10J D42E01J D42E02J D42E03J D42E04J D42E05J D42E06J D42E07J D42E08J D42E09J D42E10J
D01E01J 0 -0.98 -0.96 -0.99 -0.99 -0.82 -0.58 -0.99 -0.91 0.19 1 1 1 1 1 1 1 1 1 1 1 1 1 1 1 1 1 0.98 0.9 0.25 0.49 1 1 1 1 1 1 1 1 1 1 0.99 1 1 1 1 1 1 1 1 1 1 1 1 1 1 1 1 1 1 1 1 1 1 1 1 1 1 1 1 1 1 1 1 1 1 1 1 1 1
D01E02J -0.98 0 -1 -1 -1 -1 -1 -0.8 -0.82 -0.91 1 1 1 1 1 1 1 1 1 1 0.91 1 1 1 1 1 1 0.87 0.24 0.25 0.21 1 0.99 0.99 1 0.99 0.99 1 1 1 0.99 0.88 1 1 1 1 1 1 1 1 1 1 0.98 1 1 1 1 1 1 0.96 1 1 0.95 1 1 1 1 1 1 1 1 1 1 1 1 1 0.99 1 1 1
D01E03J -0.96 -1 0 -1 -1 -0.89 -1 -0.99 -0.94 0.42 1 1 1 1 1 1 1 1 1 1 0.99 1 1 1 1 1 1 0.97 0.5 0.81 0.87 1 1 1 1 1 1 1 1 1 0.98 0.96 1 1 1 1 1 1 1 1 1 1 1 1 1 1 1 1 1 1 1 1 1 1 1 1 1 1 1 1 1 1 1 1 1 1 1 1 0.98 1
D01E04J -0.99 -1 -1 0 -1 -1 -1 -1 -0.98 0.46 1 1 1 1 1 1 1 1 1 1 0.97 1 1 1 1 1 1 0.95 0.47 0.34 0.26 1 0.99 1 1 1 1 1 1 1 0.97 0.96 1 1 1 1 1 1 1 1 1 1 1 0.99 1 1 1 1 1 1 1 1 1 1 1 1 1 1 1 1 1 1 1 1 1 1 1 1 0.99 1
D01E05J -0.99 -1 -1 -1 0 -1 -1 -1 -0.98 -0.14 1 1 1 1 1 1 1 1 1 1 0.99 1 1 1 1 1 1 0.95 0.75 0.45 0.83 1 1 1 1 1 1 1 1 1 1 1 1 1 1 1 1 1 1 1 1 1 1 1 1 1 1 1 1 1 1 1 1 1 1 1 1 1 1 1 1 1 1 1 1 1 1 1 1 1
D01E06J -0.82 -1 -0.89 -1 -1 0 -0.57 -0.98 -0.56 0.58 1 1 1 1 1 1 1 1 1 1 1 1 1 1 1 1 1 0.99 0.87 0.9 0.87 1 1 1 1 1 1 1 1 1 1 1 1 1 1 1 1 1 1 1 1 1 1 1 1 1 1 1 1 1 1 1 1 1 1 1 1 1 1 1 1 1 1 1 1 1 1 1 1 1
D01E07J -0.58 -1 -1 -1 -1 -0.57 0 -1 -1 -0.13 1 1 1 0.97 1 0.99 1 1 1 0.99 0.81 1 1 1 1 1 1 0.68 0.12 -0.15 -0.36 0.99 0.99 0.99 1 0.99 0.99 1 1 1 0.92 0.68 1 1 0.99 1 1 1 0.99 1 1 1 0.96 0.97 1 1 1 1 1 0.98 0.98 0.99 0.9 1 1 1 1 1 1 1 1 1 0.99 1 1 1 1 1 0.98 1
D01E08J -0.99 -0.8 -0.99 -1 -1 -0.98 -1 0 -1 0.08 1 1 1 1 1 1 1 1 1 1 0.99 1 1 1 1 1 1 0.89 0.23 0.18 0.24 1 1 1 1 1 1 1 1 1 1 0.95 1 1 1 1 1 1 1 1 1 1 1 1 1 1 1 1 1 0.99 1 1 0.99 1 1 1 1 1 1 1 1 1 1 1 1 1 1 1 1 1
D01E09J -0.91 -0.82 -0.94 -0.98 -0.98 -0.56 -1 -1 0 0.21 1 1 1 1 1 1 1 1 1 1 1 1 1 1 1 1 1 0.96 0.93 0.89 0.81 1 1 1 1 1 1 1 1 1 1 0.99 1 1 1 1 1 1 1 1 1 1 1 1 1 1 1 1 1 1 1 1 1 1 1 1 1 1 1 1 1 1 1 1 1 1 1 1 1 1
D01E10J 0.19 -0.91 0.42 0.46 -0.14 0.58 -0.13 0.08 0.21 0 1 1 1 1 1 1 1 1 1 1 1 1 1 1 1 1 1 0.99 0.74 0.99 0.86 1 1 1 1 1 1 1 1 1 1 1 1 1 1 1 1 1 1 1 1 1 1 1 1 1 1 1 1 1 1 1 1 1 1 1 1 1 1 1 1 1 1 1 1 1 1 1 1 1
D04E01J 1 1 1 1 1 1 1 1 1 1 0 0.61 -1 -1 -1 -1 -1 -1 -1 -1 -1 -1 -1 -1 -1 -1 -1 -1 -1 -1 -1 -1 -1 -1 -1 -1 -1 -1 -1 -1 -1 -1 -1 -1 -1 -1 -1 -1 -1 -1 -1 -1 -1 -1 -1 -1 -0.88 -1 -1 -1 -1 -1 -1 -1 -1 -1 -1 -1 -1 -1 -1 -1 -1 -1 -1 -1 -1 -1 -1 -1
D04E02J 1 1 1 1 1 1 1 1 1 1 0.61 0 -0.17 0.96 0.98 0.87 -0.94 0.29 -0.03 -0.29 1 0.97 -1 -0.47 1 -0.76 0.76 0.97 0.36 1 1 1 -0.47 0.83 -0.67 -0.57 0.23 0.03 1 0.77 1 0.89 -0.51 -0.03 0.99 0.35 0.67 0.48 0.85 -1 1 0.6 0.98 1 0.88 -0.85 -1 1 0.8 0.05 0.99 0.83 1 0.95 -1 0.96 0.93 0.98 0.96 1 1 0.72 0.99 -0.85 -0.09 0.97 0.49 0.09 0.59 0.68
D04E03J 1 1 1 1 1 1 1 1 1 1 -1 -0.17 0 -1 -1 -1 -1 -1 -1 -1 -1 -1 -1 -1 -1 -1 -1 -1 -1 -1 -1 -1 -1 -1 -1 -1 -1 -1 -1 -1 -1 -1 -1 -1 -1 -1 -1 -1 -1 -1 -1 -1 -1 -1 -1 -1 -1 -1 -1 -1 -1 -1 -1 -1 -1 -1 -1 -1 -1 -1 -1 -1 -1 -1 -1 -1 -1 -1 -1 -1
D04E04J 1 1 1 1 1 1 0.97 1 1 1 -1 0.96 -1 0 -1 -1 -1 -1 -1 -1 -1 -1 -1 -1 -1 -1 -1 -1 -1 -1 -1 -1 -1 -1 -1 -1 -1 -1 -1 -1 -1 -1 -1 -1 -1 -1 -1 -1 -1 -1 -1 -1 -1 -1 -1 -1 -0.18 -1 -1 -1 -1 -1 -1 -1 -1 -1 -1 -1 -1 -1 -1 -1 -1 -1 -1 -1 -1 -1 -1 -1
D04E05J 1 1 1 1 1 1 1 1 1 1 -1 0.98 -1 -1 0 -1 -1 -1 -1 -1 -1 -1 -1 -1 -1 -1 -1 -1 -1 -1 -1 -1 -1 -1 -1 -1 -1 -1 -1 -1 -1 -1 -1 -1 -1 -1 -1 -1 -1 -1 -1 -1 -1 -1 -1 -1 -0.29 -1 -1 -1 -1 -1 -1 -1 -1 -0.95 -1 -1 -1 -1 -1 -1 -1 -1 -1 -1 -1 -1 -1 -1
D04E06J 1 1 1 1 1 1 0.99 1 1 1 -1 0.87 -1 -1 -1 0 -1 -1 -1 -1 -1 -1 -1 -1 -1 -1 -1 -1 -1 -1 -1 -1 -1 -1 -1 -1 -1 -1 -1 -1 -1 -1 -1 -1 -1 -1 -1 -1 -1 -1 -1 -1 -1 -1 -1 -1 -0.66 -1 -1 -1 -1 -1 -1 -1 -1 -1 -1 -1 -1 -1 -1 -1 -1 -1 -1 -1 -1 -1 -1 -1
D04E07J 1 1 1 1 1 1 1 1 1 1 -1 -0.94 -1 -1 -1 -1 0 -1 -1 -1 -1 -1 -1 -1 -1 -1 -1 -1 -1 -1 -1 -1 -1 -1 -1 -1 -1 -1 -1 -1 -1 -1 -1 -1 -1 -1 -1 -1 -1 -1 -1 -1 -1 -0.98 -1 -1 -1 -1 -1 -1 -1 -1 -1 -1 -1 -0.87 -1 -1 -1 -1 -1 -1 -1 -1 -1 -1 -1 -1 -1 -1
D04E08J 1 1 1 1 1 1 1 1 1 1 -1 0.29 -1 -1 -1 -1 -1 0 -1 -1 -1 -1 -1 -1 -1 -1 -1 -1 -1 -1 -1 -1 -1 -1 -1 -1 -1 -1 -1 -1 -1 -1 -1 -1 -1 -1 -1 -1 -1 -1 -1 -1 -1 -1 -1 -1 -0.99 -1 -1 -1 -1 -1 -1 -1 -1 -1 -1 -1 -1 -1 -1 -1 -1 -1 -1 -1 -1 -1 -1 -1
D04E09J 1 1 1 1 1 1 1 1 1 1 -1 -0.03 -1 -1 -1 -1 -1 -1 0 -1 -1 -1 -1 -1 -1 -1 -1 -1 -1 -1 -1 -1 -1 -1 -1 -1 -1 -1 -1 -1 -1 -1 -1 -1 -1 -1 -1 -1 -1 -1 -1 -1 -1 -1 -1 -1 -1 -1 -1 -1 -1 -1 -1 -1 -1 -0.99 -1 -1 -1 -1 -1 -1 -1 -1 -1 -1 -1 -1 -1 -1
D04E10J 1 1 1 1 1 1 0.99 1 1 1 -1 -0.29 -1 -1 -1 -1 -1 -1 -1 0 -1 -1 -1 -1 -1 -1 -1 -1 -1 -1 -1 -1 -1 -1 -1 -1 -1 -1 -1 -1 -1 -1 -1 -1 -1 -1 -1 -1 -1 -1 -1 -1 -1 -1 -1 -1 -0.99 -1 -1 -1 -1 -1 -1 -1 -1 -1 -1 -1 -1 -1 -1 -1 -1 -1 -1 -1 -1 -1 -1 -1
D07E01J 1 0.91 0.99 0.97 0.99 1 0.81 0.99 1 1 -1 1 -1 -1 -1 -1 -1 -1 -1 -1 0 -1 -0.84 -1 -1 -1 -1 -1 -1 -1 -1 -1 -1 -1 -1 -1 -1 -1 -1 -1 -1 -1 -1 -1 -1 -1 -1 -1 -1 -1 -1 -1 -1 -1 -1 -1 0.99 -1 -1 -1 -1 -1 -1 -1 -1 -0.87 -1 -1 -1 -1 -1 -1 -1 -1 -1 -1 -1 -1 -0.97 -1
D07E02J 1 1 1 1 1 1 1 1 1 1 -1 0.97 -1 -1 -1 -1 -1 -1 -1 -1 -1 0 -0.72 -1 -0.76 -1 -1 -1 -1 -0.99 -1 -1 -0.87 -1 -1 -1 -1 -1 -1 -1 -0.99 -1 -1 -1 -1 -1 -1 -1 -1 -0.97 -1 -1 -1 -0.95 -1 -1 0.96 -1 -1 -1 -1 -1 -1 -1 -0.97 -0.09 -1 -1 -1 -1 -0.84 -1 -1 -1 -1 -1 -1 -1 -0.97 -1
D07E03J 1 1 1 1 1 1 1 1 1 1 -1 -1 -1 -1 -1 -1 -1 -1 -1 -1 -0.84 -0.72 0 -1 0.5 -1 -1 -0.9 -0.96 -0.39 -0.57 -1 -0.99 -1 -1 -1 -1 -1 -0.96 -1 -0.18 -1 -1 -1 -0.85 -1 -1 -1 -1 -1 -1 -1 -1 0.79 -1 -1 -1 -1 -1 -1 -0.98 -1 -1 -1 -1 0.09 -1 -1 -1 -0.99 0.49 -1 -1 -1 -1 -1 -1 -1 -0.31 -1
D07E04J 1 1 1 1 1 1 1 1 1 1 -1 -0.47 -1 -1 -1 -1 -1 -1 -1 -1 -1 -1 -1 0 -0.91 -1 -1 -1 -1 -1 -1 -1 -1 -1 -1 -1 -1 -1 -1 -1 -1 -1 -1 -1 -1 -1 -1 -1 -1 -1 -1 -1 -1 -0.94 -1 -1 -0.97 -1 -1 -1 -1 -1 -1 -1 -1 -1 -1 -1 -1 -1 -1 -1 -1 -1 -1 -1 -1 -1 -0.99 -1
D07E05J 1 1 1 1 1 1 1 1 1 1 -1 1 -1 -1 -1 -1 -1 -1 -1 -1 -1 -0.76 0.5 -0.91 0 -1 -1 -1 -1 -0.88 -0.93 -0.99 -0.12 -1 -1 -1 -1 -1 -0.73 -1 -1 -1 -1 -1 -0.89 -1 -1 -0.97 -1 -0.28 -1 -1 -1 -0.4 -0.97 -1 1 -1 -1 -1 -0.94 -1 -1 -1 -0.96 0.95 -1 -1 -1 -1 0.56 -1 -1 -0.92 -1 -1 -1 -1 -0.26 -0.99
D07E06J 1 1 1 1 1 1 1 1 1 1 -1 -0.76 -1 -1 -1 -1 -1 -1 -1 -1 -1 -1 -1 -1 -1 0 -1 -1 -1 -1 -1 -1 -1 -1 -1 -1 -1 -1 -1 -1 -1 -1 -1 -1 -1 -1 -1 -1 -1 -1 -1 -1 -1 -1 -1 -1 -1 -1 -1 -1 -1 -1 -1 -1 -1 -1 -1 -1 -1 -1 -1 -1 -1 -1 -1 -1 -1 -1 -0.99 -1
D07E07J 1 1 1 1 1 1 1 1 1 1 -1 0.76 -1 -1 -1 -1 -1 -1 -1 -1 -1 -1 -1 -1 -1 -1 0 -1 -1 -1 -1 -1 -1 -1 -1 -1 -1 -1 -1 -1 -1 -1 -1 -1 -1 -1 -1 -1 -1 -1 -1 -1 -1 -1 -1 -1 -0.77 -1 -1 -1 -1 -1 -1 -1 -1 -1 -1 -1 -1 -1 -1 -1 -1 -1 -1 -1 -1 -1 -1 -1
D07E08J 0.98 0.87 0.97 0.95 0.95 0.99 0.68 0.89 0.96 0.99 -1 0.97 -1 -1 -1 -1 -1 -1 -1 -1 -1 -1 -0.9 -1 -1 -1 -1 0 -1 -1 -1 -1 -1 -1 -1 -1 -1 -1 -1 -1 -1 -1 -1 -1 -1 -1 -1 -1 -1 -1 -1 -1 -1 -1 -1 -1 0.5 -1 -1 -1 -1 -1 -1 -1 -0.99 -0.99 -1 -1 -1 -1 -1 -1 -1 -1 -1 -1 -1 -1 -1 -1
D07E09J 0.9 0.24 0.5 0.47 0.75 0.87 0.12 0.23 0.93 0.74 -1 0.36 -1 -1 -1 -1 -1 -1 -1 -1 -1 -1 -0.96 -1 -1 -1 -1 -1 0 -1 -1 -1 -1 -1 -1 -1 -1 -1 -1 -1 -1 -1 -1 -1 -1 -1 -1 -1 -1 -1 -1 -1 -1 -1 -1 -1 -0.54 -1 -1 -1 -1 -1 -1 -1 -1 -1 -1 -1 -1 -1 -1 -1 -1 -1 -1 -1 -1 -1 -1 -1
D07E10J 0.25 0.25 0.81 0.34 0.45 0.9 -0.15 0.18 0.89 0.99 -1 1 -1 -1 -1 -1 -1 -1 -1 -1 -1 -0.99 -0.39 -1 -0.88 -1 -1 -1 -1 0 -1 -1 -1 -1 -1 -1 -1 -1 -1 -1 -1 -1 -1 -1 -1 -1 -1 -1 -1 -0.89 -1 -1 -1 -1 -1 -1 0.99 -1 -1 -1 -1 -1 -1 -1 -0.99 0.31 -1 -1 -1 -1 -1 -1 -1 -1 -1 -1 -1 -1 -0.96 -1
D14E01J 0.49 0.21 0.87 0.26 0.83 0.87 -0.36 0.24 0.81 0.86 -1 1 -1 -1 -1 -1 -1 -1 -1 -1 -1 -1 -0.57 -1 -0.93 -1 -1 -1 -1 -1 0 -1 -1 -1 -1 -1 -1 -1 -1 -1 -1 -1 -1 -1 -1 -1 -1 -1 -1 -1 -1 -1 -1 -1 -1 -1 0.98 -1 -1 -1 -1 -1 -1 -1 -1 -0.78 -1 -1 -1 -1 -1 -1 -1 -1 -1 -1 -1 -1 -1 -1
D14E02J 1 1 1 1 1 1 0.99 1 1 1 -1 1 -1 -1 -1 -1 -1 -1 -1 -1 -1 -1 -1 -1 -0.99 -1 -1 -1 -1 -1 -1 0 -1 -1 -1 -1 -1 -1 -1 -1 -1 -1 -1 -1 -1 -1 -1 -1 -1 -1 -1 -1 -1 -1 -1 -1 0.69 -1 -1 -1 -1 -1 -1 -1 -1 -0.99 -1 -1 -1 -1 -1 -1 -1 -1 -1 -1 -1 -1 -1 -1
D14E03J 1 0.99 1 0.99 1 1 0.99 1 1 1 -1 -0.47 -1 -1 -1 -1 -1 -1 -1 -1 -1 -0.87 -0.99 -1 -0.12 -1 -1 -1 -1 -1 -1 -1 0 -1 -1 -1 -1 -1 -1 -1 -1 -1 -1 -1 -0.99 -1 -1 -1 -1 -1 -1 -1 -1 -0.98 -1 -1 -0.69 -1 -1 -1 -1 -1 -1 -1 -1 -0.57 -1 -1 -1 -0.99 -1 -1 -1 -1 -1 -1 -1 -1 -0.95 -1
D14E04J 1 0.99 1 1 1 1 0.99 1 1 1 -1 0.83 -1 -1 -1 -1 -1 -1 -1 -1 -1 -1 -1 -1 -1 -1 -1 -1 -1 -1 -1 -1 -1 0 -1 -1 -1 -1 -1 -1 -1 -1 -1 -1 -1 -1 -1 -1 -1 -1 -1 -1 -1 -1 -1 -1 -0.43 -1 -1 -1 -1 -1 -1 -1 -1 -1 -1 -1 -1 -1 -1 -1 -1 -1 -1 -1 -1 -1 -1 -1
D14E05J 1 1 1 1 1 1 1 1 1 1 -1 -0.67 -1 -1 -1 -1 -1 -1 -1 -1 -1 -1 -1 -1 -1 -1 -1 -1 -1 -1 -1 -1 -1 -1 0 -1 -1 -1 -1 -1 -1 -1 -1 -1 -1 -1 -1 -1 -1 -1 -1 -1 -1 -1 -1 -1 -1 -1 -1 -1 -1 -1 -1 -1 -1 -1 -1 -1 -1 -1 -1 -1 -1 -1 -1 -1 -1 -1 -1 -1
D14E06J 1 0.99 1 1 1 1 0.99 1 1 1 -1 -0.57 -1 -1 -1 -1 -1 -1 -1 -1 -1 -1 -1 -1 -1 -1 -1 -1 -1 -1 -1 -1 -1 -1 -1 0 -1 -1 -1 -1 -1 -1 -1 -1 -1 -1 -1 -1 -1 -1 -1 -1 -1 -1 -1 -1 -1 -1 -1 -1 -1 -1 -1 -1 -1 -1 -1 -1 -1 -1 -1 -1 -1 -1 -1 -1 -1 -1 -1 -1
D14E07J 1 0.99 1 1 1 1 0.99 1 1 1 -1 0.23 -1 -1 -1 -1 -1 -1 -1 -1 -1 -1 -1 -1 -1 -1 -1 -1 -1 -1 -1 -1 -1 -1 -1 -1 0 -1 -1 -1 -1 -1 -1 -1 -1 -1 -1 -1 -1 -1 -1 -1 -1 -1 -1 -1 -0.99 -1 -1 -1 -1 -1 -1 -1 -1 -1 -1 -1 -1 -1 -1 -1 -1 -1 -1 -1 -1 -1 -1 -1
D14E08J 1 1 1 1 1 1 1 1 1 1 -1 0.03 -1 -1 -1 -1 -1 -1 -1 -1 -1 -1 -1 -1 -1 -1 -1 -1 -1 -1 -1 -1 -1 -1 -1 -1 -1 0 -1 -1 -1 -1 -1 -1 -1 -1 -1 -1 -1 -1 -1 -1 -1 -1 -1 -1 -1 -1 -1 -1 -1 -1 -1 -1 -1 -1 -1 -1 -1 -1 -1 -1 -1 -1 -1 -1 -1 -1 -1 -1
D14E09J 1 1 1 1 1 1 1 1 1 1 -1 1 -1 -1 -1 -1 -1 -1 -1 -1 -1 -1 -0.96 -1 -0.73 -1 -1 -1 -1 -1 -1 -1 -1 -1 -1 -1 -1 -1 0 -1 -1 -1 -1 -1 -1 -1 -1 -1 -1 -1 -1 -1 -1 -1 -1 -1 0.82 -1 -1 -1 -1 -1 -1 -1 -1 -0.61 -1 -1 -1 -1 -1 -1 -1 -1 -1 -1 -1 -1 -0.99 -1
D14E10J 1 1 1 1 1 1 1 1 1 1 -1 0.77 -1 -1 -1 -1 -1 -1 -1 -1 -1 -1 -1 -1 -1 -1 -1 -1 -1 -1 -1 -1 -1 -1 -1 -1 -1 -1 -1 0 -1 -1 -1 -1 -1 -1 -1 -1 -1 -1 -1 -1 -1 -1 -1 -1 -0.88 -1 -1 -1 -1 -1 -1 -1 -1 -0.99 -1 -1 -1 -1 -1 -1 -1 -1 -1 -1 -1 -1 -1 -1
D21E01J 1 0.99 0.98 0.97 1 1 0.92 1 1 1 -1 1 -1 -1 -1 -1 -1 -1 -1 -1 -1 -0.99 -0.18 -1 -1 -1 -1 -1 -1 -1 -1 -1 -1 -1 -1 -1 -1 -1 -1 -1 0 -1 -1 -1 -1 -1 -1 -1 -1 -0.99 -1 -1 -1 -1 -1 -1 1 -1 -1 -1 -1 -1 -1 -1 -1 0.03 -1 -1 -1 -1 -1 -1 -1 -1 -1 -1 -1 -1 -0.98 -1
D21E02J 0.99 0.88 0.96 0.96 1 1 0.68 0.95 0.99 1 -1 0.89 -1 -1 -1 -1 -1 -1 -1 -1 -1 -1 -1 -1 -1 -1 -1 -1 -1 -1 -1 -1 -1 -1 -1 -1 -1 -1 -1 -1 -1 0 -1 -1 -1 -1 -1 -1 -1 -1 -1 -1 -1 -1 -1 -1 -0.66 -1 -1 -1 -1 -1 -1 -1 -1 -0.99 -1 -1 -1 -1 -1 -1 -1 -1 -1 -1 -1 -1 -1 -1
D21E03J 1 1 1 1 1 1 1 1 1 1 -1 -0.51 -1 -1 -1 -1 -1 -1 -1 -1 -1 -1 -1 -1 -1 -1 -1 -1 -1 -1 -1 -1 -1 -1 -1 -1 -1 -1 -1 -1 -1 -1 0 -1 -1 -1 -1 -1 -1 -1 -1 -1 -1 -1 -1 -1 -1 -1 -1 -1 -1 -1 -1 -1 -1 -0.98 -1 -1 -1 -1 -1 -1 -1 -1 -1 -1 -1 -1 -1 -1
D21E04J 1 1 1 1 1 1 1 1 1 1 -1 -0.03 -1 -1 -1 -1 -1 -1 -1 -1 -1 -1 -1 -1 -1 -1 -1 -1 -1 -1 -1 -1 -1 -1 -1 -1 -1 -1 -1 -1 -1 -1 -1 0 -1 -1 -1 -1 -1 -1 -1 -1 -1 -1 -1 -1 -0.95 -1 -1 -1 -1 -1 -1 -1 -1 -0.97 -1 -1 -1 -1 -1 -1 -1 -1 -1 -1 -1 -1 -1 -1
D21E05J 1 1 1 1 1 1 0.99 1 1 1 -1 0.99 -1 -1 -1 -1 -1 -1 -1 -1 -1 -1 -0.85 -1 -0.89 -1 -1 -1 -1 -1 -1 -1 -0.99 -1 -1 -1 -1 -1 -1 -1 -1 -1 -1 -1 0 -1 -1 -1 -1 -1 -1 -1 -1 -1 -1 -1 0.47 -1 -1 -1 -1 -1 -1 -1 -1 -0.8 -1 -1 -1 -1 -1 -1 -1 -1 -1 -1 -1 -1 -1 -1
D21E06J 1 1 1 1 1 1 1 1 1 1 -1 0.35 -1 -1 -1 -1 -1 -1 -1 -1 -1 -1 -1 -1 -1 -1 -1 -1 -1 -1 -1 -1 -1 -1 -1 -1 -1 -1 -1 -1 -1 -1 -1 -1 -1 0 -1 -1 -1 -1 -1 -1 -1 -1 -1 -1 -0.99 -1 -1 -1 -1 -1 -1 -1 -1 -1 -1 -1 -1 -1 -1 -1 -1 -1 -1 -1 -1 -1 -1 -1
D21E07J 1 1 1 1 1 1 1 1 1 1 -1 0.67 -1 -1 -1 -1 -1 -1 -1 -1 -1 -1 -1 -1 -1 -1 -1 -1 -1 -1 -1 -1 -1 -1 -1 -1 -1 -1 -1 -1 -1 -1 -1 -1 -1 -1 0 -1 -1 -1 -1 -1 -1 -1 -1 -1 -0.93 -1 -1 -1 -1 -1 -1 -1 -1 -1 -1 -1 -1 -1 -1 -1 -1 -1 -1 -1 -1 -1 -1 -1
D21E08J 1 1 1 1 1 1 1 1 1 1 -1 0.48 -1 -1 -1 -1 -1 -1 -1 -1 -1 -1 -1 -1 -0.97 -1 -1 -1 -1 -1 -1 -1 -1 -1 -1 -1 -1 -1 -1 -1 -1 -1 -1 -1 -1 -1 -1 0 -1 -1 -1 -1 -1 -1 -1 -1 -0.86 -1 -1 -1 -1 -1 -1 -1 -1 -0.99 -1 -1 -1 -1 -1 -1 -1 -1 -1 -1 -1 -1 -1 -1
D21E09J 1 1 1 1 1 1 0.99 1 1 1 -1 0.85 -1 -1 -1 -1 -1 -1 -1 -1 -1 -1 -1 -1 -1 -1 -1 -1 -1 -1 -1 -1 -1 -1 -1 -1 -1 -1 -1 -1 -1 -1 -1 -1 -1 -1 -1 -1 0 -1 -1 -1 -1 -1 -1 -1 -0.88 -1 -1 -1 -1 -1 -1 -1 -1 -0.99 -1 -1 -1 -1 -1 -1 -1 -1 -1 -1 -1 -1 -1 -1
D21E10J 1 1 1 1 1 1 1 1 1 1 -1 -1 -1 -1 -1 -1 -1 -1 -1 -1 -1 -0.97 -1 -1 -0.28 -1 -1 -1 -1 -0.89 -1 -1 -1 -1 -1 -1 -1 -1 -1 -1 -0.99 -1 -1 -1 -1 -1 -1 -1 -1 0 -1 -1 -1 -0.63 -1 -1 -1 -1 -1 -1 -1 -1 -1 -1 -1 -0.86 -1 -1 -1 -1 -0.87 -1 -1 -1 -1 -1 -1 -1 -0.99 -1
D28E01J 1 1 1 1 1 1 1 1 1 1 -1 1 -1 -1 -1 -1 -1 -1 -1 -1 -1 -1 -1 -1 -1 -1 -1 -1 -1 -1 -1 -1 -1 -1 -1 -1 -1 -1 -1 -1 -1 -1 -1 -1 -1 -1 -1 -1 -1 -1 0 -1 -1 -1 -1 -1 0.49 -1 -1 -1 -1 -1 -1 -1 -1 -0.98 -1 -1 -1 -1 -1 -1 -1 -1 -1 -1 -1 -1 -1 -1
D28E02J 1 1 1 1 1 1 1 1 1 1 -1 0.6 -1 -1 -1 -1 -1 -1 -1 -1 -1 -1 -1 -1 -1 -1 -1 -1 -1 -1 -1 -1 -1 -1 -1 -1 -1 -1 -1 -1 -1 -1 -1 -1 -1 -1 -1 -1 -1 -1 -1 0 -1 -1 -1 -1 -0.89 -1 -1 -1 -1 -1 -1 -1 -1 -1 -1 -1 -1 -1 -1 -1 -1 -1 -1 -1 -1 -1 -1 -1
D28E03J 1 0.98 1 1 1 1 0.96 1 1 1 -1 0.98 -1 -1 -1 -1 -1 -1 -1 -1 -1 -1 -1 -1 -1 -1 -1 -1 -1 -1 -1 -1 -1 -1 -1 -1 -1 -1 -1 -1 -1 -1 -1 -1 -1 -1 -1 -1 -1 -1 -1 -1 0 -1 -1 -1 -0.6 -1 -1 -1 -1 -1 -1 -1 -1 -0.99 -1 -1 -1 -1 -1 -1 -1 -1 -1 -1 -1 -1 -1 -1
D28E04J 1 1 1 0.99 1 1 0.97 1 1 1 -1 1 -1 -1 -1 -1 -0.98 -1 -1 -1 -1 -0.95 0.79 -0.94 -0.4 -1 -1 -1 -1 -1 -1 -1 -0.98 -1 -1 -1 -1 -1 -1 -1 -1 -1 -1 -1 -1 -1 -1 -1 -1 -0.63 -1 -1 -1 0 -1 -1 1 -1 -1 -1 -1 -1 -1 -1 -0.97 0.5 -1 -1 -1 -0.99 -0.99 -1 -1 -0.97 -1 -1 -1 -1 -0.85 -1
D28E05J 1 1 1 1 1 1 1 1 1 1 -1 0.88 -1 -1 -1 -1 -1 -1 -1 -1 -1 -1 -1 -1 -0.97 -1 -1 -1 -1 -1 -1 -1 -1 -1 -1 -1 -1 -1 -1 -1 -1 -1 -1 -1 -1 -1 -1 -1 -1 -1 -1 -1 -1 -1 0 -1 -0.06 -1 -1 -1 -1 -1 -1 -1 -1 -0.91 -1 -1 -1 -1 -1 -1 -1 -1 -1 -1 -1 -1 -1 -1
D28E06J 1 1 1 1 1 1 1 1 1 1 -1 -0.85 -1 -1 -1 -1 -1 -1 -1 -1 -1 -1 -1 -1 -1 -1 -1 -1 -1 -1 -1 -1 -1 -1 -1 -1 -1 -1 -1 -1 -1 -1 -1 -1 -1 -1 -1 -1 -1 -1 -1 -1 -1 -1 -1 0 -1 -1 -1 -1 -1 -1 -1 -1 -1 -0.98 -1 -1 -1 -1 -1 -1 -1 -1 -1 -1 -1 -1 -0.99 -1
D28E07J 1 1 1 1 1 1 1 1 1 1 -0.88 -1 -1 -0.18 -0.29 -0.66 -1 -0.99 -1 -0.99 0.99 0.96 -1 -0.97 1 -1 -0.77 0.5 -0.54 0.99 0.98 0.69 -0.69 -0.43 -1 -1 -0.99 -1 0.82 -0.88 1 -0.66 -1 -0.95 0.47 -0.99 -0.93 -0.86 -0.88 -1 0.49 -0.89 -0.6 1 -0.06 -1 0 0.55 -0.76 -0.9 0.42 -0.9 0.72 -0.14 -1 0.93 -0.43 -0.04 -0.6 0.83 1 -0.6 -0.15 -0.98 -1 -0.54 -0.92 -0.98 0.62 -0.23
D28E08J 1 1 1 1 1 1 1 1 1 1 -1 1 -1 -1 -1 -1 -1 -1 -1 -1 -1 -1 -1 -1 -1 -1 -1 -1 -1 -1 -1 -1 -1 -1 -1 -1 -1 -1 -1 -1 -1 -1 -1 -1 -1 -1 -1 -1 -1 -1 -1 -1 -1 -1 -1 -1 0.55 0 -1 -1 -1 -1 -1 -1 -1 -0.99 -1 -1 -1 -1 -1 -1 -1 -1 -1 -1 -1 -1 -1 -1
D28E09J 1 1 1 1 1 1 1 1 1 1 -1 0.8 -1 -1 -1 -1 -1 -1 -1 -1 -1 -1 -1 -1 -1 -1 -1 -1 -1 -1 -1 -1 -1 -1 -1 -1 -1 -1 -1 -1 -1 -1 -1 -1 -1 -1 -1 -1 -1 -1 -1 -1 -1 -1 -1 -1 -0.76 -1 0 -1 -1 -1 -1 -1 -1 -1 -1 -1 -1 -1 -1 -1 -1 -1 -1 -1 -1 -1 -1 -1
D28E10J 1 0.96 1 1 1 1 0.98 0.99 1 1 -1 0.05 -1 -1 -1 -1 -1 -1 -1 -1 -1 -1 -1 -1 -1 -1 -1 -1 -1 -1 -1 -1 -1 -1 -1 -1 -1 -1 -1 -1 -1 -1 -1 -1 -1 -1 -1 -1 -1 -1 -1 -1 -1 -1 -1 -1 -0.9 -1 -1 0 -1 -1 -1 -1 -1 -1 -1 -1 -1 -1 -1 -1 -1 -1 -1 -1 -1 -1 -1 -1
D35E01J 1 1 1 1 1 1 0.98 1 1 1 -1 0.99 -1 -1 -1 -1 -1 -1 -1 -1 -1 -1 -0.98 -1 -0.94 -1 -1 -1 -1 -1 -1 -1 -1 -1 -1 -1 -1 -1 -1 -1 -1 -1 -1 -1 -1 -1 -1 -1 -1 -1 -1 -1 -1 -1 -1 -1 0.42 -1 -1 -1 0 -1 -1 -1 -1 -0.91 -1 -1 -1 -1 -1 -1 -1 -1 -1 -1 -1 -1 -1 -1
D35E02J 1 1 1 1 1 1 0.99 1 1 1 -1 0.83 -1 -1 -1 -1 -1 -1 -1 -1 -1 -1 -1 -1 -1 -1 -1 -1 -1 -1 -1 -1 -1 -1 -1 -1 -1 -1 -1 -1 -1 -1 -1 -1 -1 -1 -1 -1 -1 -1 -1 -1 -1 -1 -1 -1 -0.9 -1 -1 -1 -1 0 -1 -1 -1 -1 -1 -1 -1 -1 -1 -1 -1 -1 -1 -1 -1 -1 -1 -1
D35E03J 1 0.95 1 1 1 1 0.9 0.99 1 1 -1 1 -1 -1 -1 -1 -1 -1 -1 -1 -1 -1 -1 -1 -1 -1 -1 -1 -1 -1 -1 -1 -1 -1 -1 -1 -1 -1 -1 -1 -1 -1 -1 -1 -1 -1 -1 -1 -1 -1 -1 -1 -1 -1 -1 -1 0.72 -1 -1 -1 -1 -1 0 -1 -1 -1 -1 -1 -1 -1 -1 -1 -1 -1 -1 -1 -1 -1 -0.99 -1
D35E04J 1 1 1 1 1 1 1 1 1 1 -1 0.95 -1 -1 -1 -1 -1 -1 -1 -1 -1 -1 -1 -1 -1 -1 -1 -1 -1 -1 -1 -1 -1 -1 -1 -1 -1 -1 -1 -1 -1 -1 -1 -1 -1 -1 -1 -1 -1 -1 -1 -1 -1 -1 -1 -1 -0.14 -1 -1 -1 -1 -1 -1 0 -1 -1 -1 -1 -1 -1 -1 -1 -1 -1 -1 -1 -1 -1 -1 -1
D35E05J 1 1 1 1 1 1 1 1 1 1 -1 -1 -1 -1 -1 -1 -1 -1 -1 -1 -1 -0.97 -1 -1 -0.96 -1 -1 -0.99 -1 -0.99 -1 -1 -1 -1 -1 -1 -1 -1 -1 -1 -1 -1 -1 -1 -1 -1 -1 -1 -1 -1 -1 -1 -1 -0.97 -1 -1 -1 -1 -1 -1 -1 -1 -1 -1 0 -0.47 -1 -1 -1 -1 -0.85 -1 -1 -1 -1 -1 -1 -1 -0.57 -1
D35E06J 1 1 1 1 1 1 1 1 1 1 -1 0.96 -1 -1 -0.95 -1 -0.87 -1 -0.99 -1 -0.87 -0.09 0.09 -1 0.95 -1 -1 -0.99 -1 0.31 -0.78 -0.99 -0.57 -1 -1 -1 -1 -1 -0.61 -0.99 0.03 -0.99 -0.98 -0.97 -0.8 -1 -1 -0.99 -0.99 -0.86 -0.98 -1 -0.99 0.5 -0.91 -0.98 0.93 -0.99 -1 -1 -0.91 -1 -1 -1 -0.47 0 -1 -0.93 -1 -0.98 -0.46 -1 -1 -0.97 -0.99 -0.99 -1 -1 -0.93 -1
D35E07J 1 1 1 1 1 1 1 1 1 1 -1 0.93 -1 -1 -1 -1 -1 -1 -1 -1 -1 -1 -1 -1 -1 -1 -1 -1 -1 -1 -1 -1 -1 -1 -1 -1 -1 -1 -1 -1 -1 -1 -1 -1 -1 -1 -1 -1 -1 -1 -1 -1 -1 -1 -1 -1 -0.43 -1 -1 -1 -1 -1 -1 -1 -1 -1 0 -1 -1 -1 -1 -1 -1 -1 -1 -1 -1 -1 -1 -1
D35E08J 1 1 1 1 1 1 1 1 1 1 -1 0.98 -1 -1 -1 -1 -1 -1 -1 -1 -1 -1 -1 -1 -1 -1 -1 -1 -1 -1 -1 -1 -1 -1 -1 -1 -1 -1 -1 -1 -1 -1 -1 -1 -1 -1 -1 -1 -1 -1 -1 -1 -1 -1 -1 -1 -0.04 -1 -1 -1 -1 -1 -1 -1 -1 -0.93 -1 0 -1 -1 -1 -1 -1 -1 -1 -1 -1 -1 -0.99 -1
D35E09J 1 1 1 1 1 1 1 1 1 1 -1 0.96 -1 -1 -1 -1 -1 -1 -1 -1 -1 -1 -1 -1 -1 -1 -1 -1 -1 -1 -1 -1 -1 -1 -1 -1 -1 -1 -1 -1 -1 -1 -1 -1 -1 -1 -1 -1 -1 -1 -1 -1 -1 -1 -1 -1 -0.6 -1 -1 -1 -1 -1 -1 -1 -1 -1 -1 -1 0 -1 -1 -1 -1 -1 -1 -1 -1 -1 -1 -1
D35E10J 1 1 1 1 1 1 1 1 1 1 -1 1 -1 -1 -1 -1 -1 -1 -1 -1 -1 -1 -0.99 -1 -1 -1 -1 -1 -1 -1 -1 -1 -0.99 -1 -1 -1 -1 -1 -1 -1 -1 -1 -1 -1 -1 -1 -1 -1 -1 -1 -1 -1 -1 -0.99 -1 -1 0.83 -1 -1 -1 -1 -1 -1 -1 -1 -0.98 -1 -1 -1 0 -1 -1 -1 -1 -1 -1 -1 -1 -0.96 -1
D42E01J 1 1 1 1 1 1 1 1 1 1 -1 1 -1 -1 -1 -1 -1 -1 -1 -1 -1 -0.84 0.49 -1 0.56 -1 -1 -1 -1 -1 -1 -1 -1 -1 -1 -1 -1 -1 -1 -1 -1 -1 -1 -1 -1 -1 -1 -1 -1 -0.87 -1 -1 -1 -0.99 -1 -1 1 -1 -1 -1 -1 -1 -1 -1 -0.85 -0.46 -1 -1 -1 -1 0 -1 -1 -1 -1 -1 -1 -1 -0.78 -1
D42E02J 1 1 1 1 1 1 1 1 1 1 -1 0.72 -1 -1 -1 -1 -1 -1 -1 -1 -1 -1 -1 -1 -1 -1 -1 -1 -1 -1 -1 -1 -1 -1 -1 -1 -1 -1 -1 -1 -1 -1 -1 -1 -1 -1 -1 -1 -1 -1 -1 -1 -1 -1 -1 -1 -0.6 -1 -1 -1 -1 -1 -1 -1 -1 -1 -1 -1 -1 -1 -1 0 -1 -1 -1 -1 -1 -1 -1 -1
D42E03J 1 1 1 1 1 1 0.99 1 1 1 -1 0.99 -1 -1 -1 -1 -1 -1 -1 -1 -1 -1 -1 -1 -1 -1 -1 -1 -1 -1 -1 -1 -1 -1 -1 -1 -1 -1 -1 -1 -1 -1 -1 -1 -1 -1 -1 -1 -1 -1 -1 -1 -1 -1 -1 -1 -0.15 -1 -1 -1 -1 -1 -1 -1 -1 -1 -1 -1 -1 -1 -1 -1 0 -1 -1 -1 -1 -1 -1 -1
D42E04J 1 1 1 1 1 1 1 1 1 1 -1 -0.85 -1 -1 -1 -1 -1 -1 -1 -1 -1 -1 -1 -1 -0.92 -1 -1 -1 -1 -1 -1 -1 -1 -1 -1 -1 -1 -1 -1 -1 -1 -1 -1 -1 -1 -1 -1 -1 -1 -1 -1 -1 -1 -0.97 -1 -1 -0.98 -1 -1 -1 -1 -1 -1 -1 -1 -0.97 -1 -1 -1 -1 -1 -1 -1 0 -1 -1 -1 -1 -1 -1
D42E05J 1 1 1 1 1 1 1 1 1 1 -1 -0.09 -1 -1 -1 -1 -1 -1 -1 -1 -1 -1 -1 -1 -1 -1 -1 -1 -1 -1 -1 -1 -1 -1 -1 -1 -1 -1 -1 -1 -1 -1 -1 -1 -1 -1 -1 -1 -1 -1 -1 -1 -1 -1 -1 -1 -1 -1 -1 -1 -1 -1 -1 -1 -1 -0.99 -1 -1 -1 -1 -1 -1 -1 -1 0 -1 -1 -1 -0.99 -1
D42E06J 1 1 1 1 1 1 1 1 1 1 -1 0.97 -1 -1 -1 -1 -1 -1 -1 -1 -1 -1 -1 -1 -1 -1 -1 -1 -1 -1 -1 -1 -1 -1 -1 -1 -1 -1 -1 -1 -1 -1 -1 -1 -1 -1 -1 -1 -1 -1 -1 -1 -1 -1 -1 -1 -0.54 -1 -1 -1 -1 -1 -1 -1 -1 -0.99 -1 -1 -1 -1 -1 -1 -1 -1 -1 0 -1 -1 -1 -1
D42E07J 1 0.99 1 1 1 1 1 1 1 1 -1 0.49 -1 -1 -1 -1 -1 -1 -1 -1 -1 -1 -1 -1 -1 -1 -1 -1 -1 -1 -1 -1 -1 -1 -1 -1 -1 -1 -1 -1 -1 -1 -1 -1 -1 -1 -1 -1 -1 -1 -1 -1 -1 -1 -1 -1 -0.92 -1 -1 -1 -1 -1 -1 -1 -1 -1 -1 -1 -1 -1 -1 -1 -1 -1 -1 -1 0 -1 -1 -1
D42E08J 1 1 1 1 1 1 1 1 1 1 -1 0.09 -1 -1 -1 -1 -1 -1 -1 -1 -1 -1 -1 -1 -1 -1 -1 -1 -1 -1 -1 -1 -1 -1 -1 -1 -1 -1 -1 -1 -1 -1 -1 -1 -1 -1 -1 -1 -1 -1 -1 -1 -1 -1 -1 -1 -0.98 -1 -1 -1 -1 -1 -1 -1 -1 -1 -1 -1 -1 -1 -1 -1 -1 -1 -1 -1 -1 0 -1 -1
D42E09J 1 1 0.98 0.99 1 1 0.98 1 1 1 -1 0.59 -1 -1 -1 -1 -1 -1 -1 -1 -0.97 -0.97 -0.31 -0.99 -0.26 -0.99 -1 -1 -1 -0.96 -1 -1 -0.95 -1 -1 -1 -1 -1 -0.99 -1 -0.98 -1 -1 -1 -1 -1 -1 -1 -1 -0.99 -1 -1 -1 -0.85 -1 -0.99 0.62 -1 -1 -1 -1 -1 -0.99 -1 -0.57 -0.93 -1 -0.99 -1 -0.96 -0.78 -1 -1 -1 -0.99 -1 -1 -1 0 -1
D42E10J 1 1 1 1 1 1 1 1 1 1 -1 0.68 -1 -1 -1 -1 -1 -1 -1 -1 -1 -1 -1 -1 -0.99 -1 -1 -1 -1 -1 -1 -1 -1 -1 -1 -1 -1 -1 -1 -1 -1 -1 -1 -1 -1 -1 -1 -1 -1 -1 -1 -1 -1 -1 -1 -1 -0.23 -1 -1 -1 -1 -1 -1 -1 -1 -1 -1 -1 -1 -1 -1 -1 -1 -1 -1 -1 -1 -1 -1 0
